<?xml version="1.0" encoding="utf-8"?>
<COLLADA xmlns="http://www.collada.org/2005/11/COLLADASchema" version="1.4.1">
  <asset>
    <contributor>
      <author>Mixamo</author>
      <authoring_tool>COLLADA Mixamo exporter</authoring_tool>
      <comments/>
    </contributor>
    <created>2024-07-05T16:34:04Z</created>
    <modified>2024-07-05T16:34:04Z</modified>
    <revision/>
    <title/>
    <unit meter="0.010000"/>
    <up_axis>Y_UP</up_axis>
  </asset>
  <library_animations>
    <animation id="mixamorig_Hips-anim" name="mixamorig_Hips">
      <source id="mixamorig_Hips-Matrix-animation-input">
        <float_array id="mixamorig_Hips-Matrix-animation-input-array" count="42">

0.000000 0.033333 0.066667 0.100000 0.133333 0.166667 0.200000 0.233333 0.266667 0.300000 0.333333 0.366667 0.400000 0.433333 0.466667 0.500000
0.533333 0.566667 0.600000 0.633333 0.666667 0.700000 0.733333 0.766667 0.800000 0.833333 0.866667 0.900000 0.933333 0.966667 1.000000 1.033333
1.066667 1.100000 1.133333 1.166667 1.200000 1.233333 1.266667 1.300000 1.333333 1.366667</float_array>
        <technique_common>
          <accessor source="#mixamorig_Hips-Matrix-animation-input-array" count="42">
            <param name="TIME" type="float"/>
          </accessor>
        </technique_common>
      </source>
      <source id="mixamorig_Hips-Matrix-animation-output-transform">
        <float_array id="mixamorig_Hips-Matrix-animation-output-transform-array" count="672">

0.690513 -0.010218 -0.723248 -1.058893 0.069316 0.996233 0.052104 88.188789 0.719991 -0.086111 0.688620 0.619123 0.000000 0.000000 0.000000 1.000000
0.676553 -0.006018 -0.736369 -0.425241 0.072520 0.995650 0.058493 87.136505 0.732814 -0.092976 0.674047 1.157165 0.000000 0.000000 0.000000 1.000000
0.659276 -0.003123 -0.751895 0.182579 0.083741 0.994075 0.069296 86.034241 0.747223 -0.108650 0.655631 1.750790 0.000000 0.000000 0.000000 1.000000
0.637357 -0.001075 -0.770568 0.770238 0.098790 0.991861 0.080328 85.017250 0.764210 -0.127322 0.632275 2.509243 0.000000 0.000000 0.000000 1.000000
0.609483 0.000621 -0.792799 1.363621 0.112435 0.989824 0.087213 84.301918 0.784786 -0.142293 0.603211 3.460111 0.000000 0.000000 0.000000 1.000000
0.574231 0.003289 -0.818687 1.997870 0.118479 0.989131 0.087076 84.060753 0.810075 -0.147000 0.567600 4.719279 0.000000 0.000000 0.000000 1.000000
0.521643 0.005838 -0.853144 2.660780 0.114153 0.990508 0.076575 84.104111 0.845493 -0.137334 0.516025 6.193008 0.000000 0.000000 0.000000 1.000000
0.454342 0.018892 -0.890627 3.472496 0.090234 0.993657 0.067110 84.096893 0.886246 -0.110856 0.449755 7.755111 0.000000 0.000000 0.000000 1.000000
0.396602 0.047200 -0.916776 4.432592 0.050286 0.996061 0.073036 83.830338 0.916612 -0.075067 0.392667 9.396105 0.000000 0.000000 0.000000 1.000000
0.377902 0.079180 -0.922454 5.459936 0.002991 0.996227 0.086737 83.252014 0.925841 -0.035537 0.376239 11.227214 0.000000 0.000000 0.000000 1.000000
0.421974 0.103210 -0.900714 6.412305 -0.040199 0.994652 0.095142 82.522667 0.905716 -0.003939 0.423866 13.304352 0.000000 0.000000 0.000000 1.000000
0.526688 0.112373 -0.842598 7.028280 -0.066196 0.993636 0.091138 81.936790 0.847477 0.007775 0.530775 15.392809 0.000000 0.000000 0.000000 1.000000
0.665405 0.099789 -0.739783 7.180143 -0.067346 0.995008 0.073642 81.519081 0.743439 0.000820 0.668803 17.400604 0.000000 0.000000 0.000000 1.000000
0.800965 0.063030 -0.595384 6.928948 -0.042446 0.997919 0.048543 81.164352 0.597204 -0.013610 0.801974 19.101723 0.000000 0.000000 0.000000 1.000000
0.899711 0.009317 -0.436387 6.617676 0.002872 0.999624 0.027263 81.065353 0.436477 -0.025782 0.899346 20.552866 0.000000 0.000000 0.000000 1.000000
0.951086 -0.052252 -0.304474 6.371027 0.058615 0.998211 0.011789 81.141266 0.303313 -0.029060 0.952448 21.610779 0.000000 0.000000 0.000000 1.000000
0.969594 -0.111698 -0.217739 6.030985 0.113429 0.993536 -0.004572 81.159233 0.216842 -0.020265 0.975996 22.161097 0.000000 0.000000 0.000000 1.000000
0.975357 -0.155330 -0.156690 5.470927 0.153944 0.987856 -0.021019 81.116684 0.158052 -0.003621 0.987424 22.421906 0.000000 0.000000 0.000000 1.000000
0.979720 -0.172369 -0.102165 4.738359 0.170077 0.984949 -0.030807 81.115440 0.105937 0.012807 0.994290 22.558294 0.000000 0.000000 0.000000 1.000000
0.983957 -0.164928 -0.068022 3.973427 0.163036 0.986084 -0.032523 81.257393 0.072439 0.020912 0.997154 22.477144 0.000000 0.000000 0.000000 1.000000
0.986389 -0.143756 -0.079823 3.296438 0.141769 0.989443 -0.030059 81.536102 0.083301 0.018333 0.996356 22.001238 0.000000 0.000000 0.000000 1.000000
0.983225 -0.117165 -0.139786 2.799114 0.114967 0.993086 -0.023728 81.842697 0.141599 0.007259 0.989897 21.098354 0.000000 0.000000 0.000000 1.000000
0.970238 -0.087521 -0.225784 2.508283 0.088147 0.996081 -0.007329 82.087334 0.225540 -0.012791 0.974150 19.832706 0.000000 0.000000 0.000000 1.000000
0.946834 -0.055579 -0.316884 2.324158 0.066049 0.997565 0.022384 82.208138 0.314868 -0.042124 0.948200 18.186104 0.000000 0.000000 0.000000 1.000000
0.912987 -0.026067 -0.407156 2.103422 0.054107 0.996878 0.057504 82.205872 0.404386 -0.074530 0.911547 16.170183 0.000000 0.000000 0.000000 1.000000
0.868979 -0.006683 -0.494803 1.709955 0.055635 0.994889 0.084270 82.085152 0.491711 -0.100757 0.864910 13.870853 0.000000 0.000000 0.000000 1.000000
0.821130 -0.001694 -0.570739 1.054616 0.068311 0.993099 0.095333 81.928421 0.566638 -0.117269 0.815579 11.403253 0.000000 0.000000 0.000000 1.000000
0.781269 -0.007814 -0.624145 0.176037 0.085349 0.991867 0.094417 81.966087 0.618332 -0.127035 0.775582 8.848675 0.000000 0.000000 0.000000 1.000000
0.758863 -0.019530 -0.650957 -0.747199 0.102002 0.990778 0.089185 82.386284 0.643213 -0.134078 0.753857 6.371003 0.000000 0.000000 0.000000 1.000000
0.753724 -0.034503 -0.656284 -1.509223 0.117884 0.989522 0.083365 83.215599 0.646531 -0.140200 0.749894 4.201985 0.000000 0.000000 0.000000 1.000000
0.757512 -0.052222 -0.650729 -2.094689 0.134698 0.987849 0.077526 84.271034 0.638774 -0.146379 0.755342 2.504355 0.000000 0.000000 0.000000 1.000000
0.761448 -0.068330 -0.644615 -2.555793 0.150186 0.985967 0.072892 85.347664 0.630588 -0.152315 0.761025 1.294015 0.000000 0.000000 0.000000 1.000000
0.761425 -0.077600 -0.643592 -2.890910 0.159344 0.984754 0.069781 86.266411 0.628365 -0.155685 0.762181 0.480073 0.000000 0.000000 0.000000 1.000000
0.756996 -0.077757 -0.648777 -3.045392 0.157850 0.985248 0.066097 86.989998 0.634067 -0.152444 0.758103 -0.104116 0.000000 0.000000 0.000000 1.000000
0.751425 -0.073495 -0.655712 -3.043615 0.150320 0.986712 0.061666 87.613266 0.642467 -0.144904 0.752488 -0.647067 0.000000 0.000000 0.000000 1.000000
0.745487 -0.067298 -0.663114 -2.961539 0.139581 0.988592 0.056590 88.165146 0.651741 -0.134746 0.746376 -1.135954 0.000000 0.000000 0.000000 1.000000
0.739048 -0.058561 -0.671103 -2.841813 0.125785 0.990690 0.052072 88.558037 0.661805 -0.122898 0.739534 -1.381912 0.000000 0.000000 0.000000 1.000000
0.731856 -0.047312 -0.679815 -2.660412 0.109978 0.992710 0.049309 88.761848 0.672526 -0.110852 0.731724 -1.299544 0.000000 0.000000 0.000000 1.000000
0.723566 -0.035618 -0.689335 -2.391189 0.094747 0.994340 0.048075 88.780869 0.683721 -0.100098 0.722846 -0.963934 0.000000 0.000000 0.000000 1.000000
0.713966 -0.024751 -0.699743 -2.027725 0.081893 0.995468 0.048346 88.741745 0.695375 -0.091821 0.712757 -0.480577 0.000000 0.000000 0.000000 1.000000
0.702945 -0.015974 -0.711065 -1.585750 0.072977 0.996091 0.049766 88.617485 0.707491 -0.086874 0.701363 0.066146 0.000000 0.000000 0.000000 1.000000
0.690513 -0.010218 -0.723248 -1.058890 0.069316 0.996233 0.052104 88.188782 0.719991 -0.086111 0.688620 0.619125 0.000000 0.000000 0.000000 1.000000</float_array>
        <technique_common>
          <accessor source="#mixamorig_Hips-Matrix-animation-output-transform-array" count="42" stride="16">
            <param type="float4x4"/>
          </accessor>
        </technique_common>
      </source>
      <source id="mixamorig_Hips-Interpolations">
        <Name_array id="mixamorig_Hips-Interpolations-array" count="42">
 LINEAR LINEAR LINEAR LINEAR LINEAR LINEAR LINEAR LINEAR LINEAR LINEAR LINEAR
LINEAR LINEAR LINEAR LINEAR LINEAR LINEAR LINEAR LINEAR LINEAR LINEAR LINEAR LINEAR
LINEAR LINEAR LINEAR LINEAR LINEAR LINEAR LINEAR LINEAR LINEAR LINEAR LINEAR LINEAR
LINEAR LINEAR LINEAR LINEAR LINEAR LINEAR LINEAR</Name_array>
        <technique_common>
          <accessor source="#mixamorig_Hips-Interpolations-array" count="42">
            <param type="name"/>
          </accessor>
        </technique_common>
      </source>
      <sampler id="mixamorig_Hips-Matrix-animation-transform">
        <input semantic="INPUT" source="#mixamorig_Hips-Matrix-animation-input"/>
        <input semantic="OUTPUT" source="#mixamorig_Hips-Matrix-animation-output-transform"/>
        <input semantic="INTERPOLATION" source="#mixamorig_Hips-Interpolations"/>
      </sampler>
      <channel source="#mixamorig_Hips-Matrix-animation-transform" target="mixamorig_Hips/matrix"/>
    </animation>
    <animation id="mixamorig_Spine-anim" name="mixamorig_Spine">
      <source id="mixamorig_Spine-Matrix-animation-input">
        <float_array id="mixamorig_Spine-Matrix-animation-input-array" count="42">

0.000000 0.033333 0.066667 0.100000 0.133333 0.166667 0.200000 0.233333 0.266667 0.300000 0.333333 0.366667 0.400000 0.433333 0.466667 0.500000
0.533333 0.566667 0.600000 0.633333 0.666667 0.700000 0.733333 0.766667 0.800000 0.833333 0.866667 0.900000 0.933333 0.966667 1.000000 1.033333
1.066667 1.100000 1.133333 1.166667 1.200000 1.233333 1.266667 1.300000 1.333333 1.366667</float_array>
        <technique_common>
          <accessor source="#mixamorig_Spine-Matrix-animation-input-array" count="42">
            <param name="TIME" type="float"/>
          </accessor>
        </technique_common>
      </source>
      <source id="mixamorig_Spine-Matrix-animation-output-transform">
        <float_array id="mixamorig_Spine-Matrix-animation-output-transform-array" count="672">

0.991465 0.014779 0.129534 -0.000000 -0.014382 0.999889 -0.003994 10.182400 -0.129578 0.002097 0.991567 0.000000 0.000000 0.000000 0.000000 1.000000
0.990716 0.016406 0.134952 0.000000 -0.012895 0.999556 -0.026848 10.182400 -0.135333 0.024859 0.990488 -0.000000 0.000000 0.000000 0.000000 1.000000
0.989593 0.021279 0.142311 0.000000 -0.013743 0.998461 -0.053728 10.182400 -0.143235 0.051213 0.988363 0.000000 0.000000 0.000000 0.000000 1.000000
0.987928 0.026020 0.152715 -0.000000 -0.013927 0.996719 -0.079730 10.182400 -0.154288 0.076641 0.985049 -0.000000 0.000000 0.000000 0.000000 1.000000
0.986792 0.035435 0.158069 0.000000 -0.020765 0.995402 -0.093509 10.182400 -0.160656 0.088992 0.982990 0.000000 0.000000 0.000000 0.000000 1.000000
0.987993 0.046923 0.147200 0.000000 -0.033329 0.995062 -0.093493 10.182400 -0.150860 0.087464 0.984678 0.000000 0.000000 0.000000 0.000000 1.000000
0.991642 0.058069 0.115211 -0.000000 -0.048714 0.995407 -0.082414 10.182400 -0.119467 0.076113 0.989916 0.000000 0.000000 0.000000 0.000000 1.000000
0.995749 0.063677 0.066549 0.000000 -0.058609 0.995421 -0.075514 10.182400 -0.071053 0.071293 0.994922 0.000000 0.000000 0.000000 0.000000 1.000000
0.997337 0.072819 0.004120 0.000000 -0.072204 0.993743 -0.085210 10.182400 -0.010300 0.084686 0.996354 0.000000 0.000000 0.000000 0.000000 1.000000
0.993452 0.087644 -0.073290 -0.000000 -0.094405 0.991034 -0.094544 10.182400 0.064347 0.100844 0.992819 -0.000000 0.000000 0.000000 0.000000 1.000000
0.983071 0.097681 -0.155016 0.000000 -0.114229 0.988236 -0.101691 10.182400 0.143260 0.117677 0.982664 -0.000000 0.000000 0.000000 0.000000 1.000000
0.971791 0.108826 -0.209236 0.000000 -0.135184 0.983999 -0.116068 10.182400 0.193257 0.141079 0.970952 0.000000 0.000000 0.000000 0.000000 1.000000
0.969988 0.124419 -0.208912 0.000000 -0.153610 0.979565 -0.129834 10.182400 0.188489 0.158028 0.969278 0.000000 0.000000 0.000000 0.000000 1.000000
0.980157 0.128513 -0.150917 0.000000 -0.150301 0.978222 -0.143150 10.182400 0.129234 0.162992 0.978127 0.000000 0.000000 0.000000 0.000000 1.000000
0.993666 0.103483 -0.043801 0.000000 -0.109374 0.980090 -0.165714 10.182400 0.025780 0.169455 0.985201 0.000000 0.000000 0.000000 0.000000 1.000000
0.992581 0.070573 0.099006 0.000000 -0.051034 0.980924 -0.187573 10.182400 -0.110355 0.181129 0.977248 -0.000000 0.000000 0.000000 0.000000 1.000000
0.967110 0.061164 0.246896 -0.000000 -0.010878 0.979716 -0.200095 10.182400 -0.254126 0.190828 0.948158 0.000000 0.000000 0.000000 0.000000 1.000000
0.932027 0.076797 0.354157 0.000000 -0.000932 0.977792 -0.209576 10.182400 -0.362387 0.195000 0.911400 0.000000 0.000000 0.000000 0.000000 1.000000
0.914493 0.096331 0.392966 0.000000 -0.008772 0.975736 -0.218776 10.182400 -0.404506 0.196622 0.893149 0.000000 0.000000 0.000000 0.000000 1.000000
0.921175 0.106422 0.374313 0.000000 -0.019780 0.973441 -0.228082 10.182400 -0.388645 0.202700 0.898815 0.000000 0.000000 0.000000 0.000000 1.000000
0.937657 0.112133 0.328977 0.000000 -0.032409 0.970610 -0.238464 10.182400 -0.346048 0.212935 0.913734 0.000000 0.000000 0.000000 0.000000 1.000000
0.952742 0.121357 0.278487 0.000000 -0.052007 0.968364 -0.244061 10.182400 -0.299296 0.218044 0.928913 0.000000 0.000000 0.000000 0.000000 1.000000
0.965408 0.131186 0.225338 0.000000 -0.074944 0.967355 -0.242090 10.182400 -0.249741 0.216828 0.943724 -0.000000 0.000000 0.000000 0.000000 1.000000
0.976217 0.136166 0.168700 0.000000 -0.093340 0.966317 -0.239831 10.182400 -0.195674 0.218381 0.956045 0.000000 0.000000 0.000000 0.000000 1.000000
0.983115 0.137043 0.121264 0.000000 -0.104972 0.965153 -0.239710 10.182400 -0.149889 0.222933 0.963242 0.000000 0.000000 0.000000 0.000000 1.000000
0.985715 0.136030 0.099307 0.000000 -0.110050 0.966557 -0.231640 10.182400 -0.127495 0.217402 0.967720 0.000000 0.000000 0.000000 0.000000 1.000000
0.985912 0.132111 0.102590 -0.000000 -0.108371 0.971709 -0.209851 10.182400 -0.127412 0.195777 0.972336 -0.000000 0.000000 0.000000 0.000000 1.000000
0.985692 0.121678 0.116644 0.000000 -0.099250 0.978310 -0.181822 10.182400 -0.136238 0.167644 0.976389 0.000000 0.000000 0.000000 0.000000 1.000000
0.986653 0.102981 0.126137 -0.000000 -0.082647 0.984135 -0.156998 10.182400 -0.140304 0.144478 0.979511 0.000000 0.000000 0.000000 0.000000 1.000000
0.989061 0.078652 0.124788 0.000000 -0.061570 0.988891 -0.135289 10.182400 -0.134043 0.126126 0.982916 0.000000 0.000000 0.000000 0.000000 1.000000
0.991737 0.056306 0.115266 0.000000 -0.043300 0.992721 -0.112387 10.182400 -0.120755 0.106467 0.986956 0.000000 0.000000 0.000000 0.000000 1.000000
0.993691 0.041057 0.104363 0.000000 -0.031779 0.995519 -0.089058 10.182400 -0.107551 0.085179 0.990544 0.000000 0.000000 0.000000 0.000000 1.000000
0.994844 0.029828 0.096929 0.000000 -0.023292 0.997422 -0.067881 10.182400 -0.098704 0.065273 0.992974 0.000000 0.000000 0.000000 0.000000 1.000000
0.995460 0.017699 0.093522 -0.000000 -0.013135 0.998703 -0.049195 10.182400 -0.094271 0.047743 0.994401 0.000000 0.000000 0.000000 0.000000 1.000000
0.995662 0.006559 0.092810 0.000000 -0.003493 0.999444 -0.033154 10.182400 -0.092976 0.032686 0.995132 0.000000 0.000000 0.000000 0.000000 1.000000
0.995530 -0.000428 0.094442 0.000000 0.002315 0.999800 -0.019875 10.182400 -0.094415 0.020005 0.995332 0.000000 0.000000 0.000000 0.000000 1.000000
0.995103 -0.006037 0.098654 -0.000000 0.006945 0.999937 -0.008868 10.182400 -0.098594 0.009510 0.995082 -0.000000 0.000000 0.000000 0.000000 1.000000
0.994396 -0.009938 0.105249 0.000000 0.009797 0.999950 0.001861 10.182400 -0.105262 -0.000820 0.994444 0.000000 0.000000 0.000000 0.000000 1.000000
0.993598 -0.012108 0.112326 0.000000 0.011273 0.999904 0.008072 10.182400 -0.112413 -0.006754 0.993639 0.000000 0.000000 0.000000 0.000000 1.000000
0.992943 -0.008054 0.118321 -0.000000 0.007261 0.999948 0.007129 10.182400 -0.118372 -0.006219 0.992950 -0.000000 0.000000 0.000000 0.000000 1.000000
0.992337 0.002454 0.123534 0.000000 -0.002732 0.999994 0.002085 10.182400 -0.123528 -0.002406 0.992338 0.000000 0.000000 0.000000 0.000000 1.000000
0.991465 0.014778 0.129533 -0.000000 -0.014382 0.999889 -0.003994 10.182400 -0.129578 0.002097 0.991567 -0.000000 0.000000 0.000000 0.000000 1.000000</float_array>
        <technique_common>
          <accessor source="#mixamorig_Spine-Matrix-animation-output-transform-array" count="42" stride="16">
            <param type="float4x4"/>
          </accessor>
        </technique_common>
      </source>
      <source id="mixamorig_Spine-Interpolations">
        <Name_array id="mixamorig_Spine-Interpolations-array" count="42">
 LINEAR LINEAR LINEAR LINEAR LINEAR LINEAR LINEAR LINEAR LINEAR LINEAR LINEAR
LINEAR LINEAR LINEAR LINEAR LINEAR LINEAR LINEAR LINEAR LINEAR LINEAR LINEAR LINEAR
LINEAR LINEAR LINEAR LINEAR LINEAR LINEAR LINEAR LINEAR LINEAR LINEAR LINEAR LINEAR
LINEAR LINEAR LINEAR LINEAR LINEAR LINEAR LINEAR</Name_array>
        <technique_common>
          <accessor source="#mixamorig_Spine-Interpolations-array" count="42">
            <param type="name"/>
          </accessor>
        </technique_common>
      </source>
      <sampler id="mixamorig_Spine-Matrix-animation-transform">
        <input semantic="INPUT" source="#mixamorig_Spine-Matrix-animation-input"/>
        <input semantic="OUTPUT" source="#mixamorig_Spine-Matrix-animation-output-transform"/>
        <input semantic="INTERPOLATION" source="#mixamorig_Spine-Interpolations"/>
      </sampler>
      <channel source="#mixamorig_Spine-Matrix-animation-transform" target="mixamorig_Spine/matrix"/>
    </animation>
    <animation id="mixamorig_Spine1-anim" name="mixamorig_Spine1">
      <source id="mixamorig_Spine1-Matrix-animation-input">
        <float_array id="mixamorig_Spine1-Matrix-animation-input-array" count="42">

0.000000 0.033333 0.066667 0.100000 0.133333 0.166667 0.200000 0.233333 0.266667 0.300000 0.333333 0.366667 0.400000 0.433333 0.466667 0.500000
0.533333 0.566667 0.600000 0.633333 0.666667 0.700000 0.733333 0.766667 0.800000 0.833333 0.866667 0.900000 0.933333 0.966667 1.000000 1.033333
1.066667 1.100000 1.133333 1.166667 1.200000 1.233333 1.266667 1.300000 1.333333 1.366667</float_array>
        <technique_common>
          <accessor source="#mixamorig_Spine1-Matrix-animation-input-array" count="42">
            <param name="TIME" type="float"/>
          </accessor>
        </technique_common>
      </source>
      <source id="mixamorig_Spine1-Matrix-animation-output-transform">
        <float_array id="mixamorig_Spine1-Matrix-animation-output-transform-array" count="672">

0.999723 0.013264 0.019438 0.000000 -0.012515 0.999193 -0.038157 10.002700 -0.019928 0.037903 0.999083 0.000000 0.000000 0.000000 0.000000 1.000000
0.999575 0.020280 0.020933 0.000000 -0.019594 0.999281 -0.032460 10.002700 -0.021576 0.032036 0.999254 0.000000 0.000000 0.000000 0.000000 1.000000
0.999162 0.033838 0.023021 -0.000000 -0.033165 0.999028 -0.029022 10.002700 -0.023981 0.028234 0.999314 -0.000000 0.000000 0.000000 0.000000 1.000000
0.998311 0.051850 0.026204 0.000000 -0.051164 0.998347 -0.026197 10.002700 -0.027519 0.024812 0.999313 0.000000 0.000000 0.000000 0.000000 1.000000
0.997642 0.062759 0.027792 0.000000 -0.061918 0.997626 -0.030147 10.002700 -0.029618 0.028355 0.999159 0.000000 0.000000 0.000000 0.000000 1.000000
0.997655 0.063038 0.026641 0.000000 -0.062087 0.997452 -0.035144 10.002700 -0.028788 0.033407 0.999027 0.000000 0.000000 0.000000 0.000000 1.000000
0.998100 0.057555 0.022003 0.000000 -0.056786 0.997803 -0.034118 10.002700 -0.023919 0.032803 0.999176 0.000000 0.000000 0.000000 0.000000 1.000000
0.999040 0.041496 0.014023 -0.000000 -0.041097 0.998773 -0.027620 10.002700 -0.015152 0.027017 0.999520 -0.000000 0.000000 0.000000 0.000000 1.000000
0.999778 0.020872 0.002769 0.000000 -0.020784 0.999373 -0.028661 10.002700 -0.003365 0.028597 0.999585 -0.000000 0.000000 0.000000 0.000000 1.000000
0.999924 0.006106 -0.010707 -0.000000 -0.006457 0.999433 -0.033045 10.002700 0.010500 0.033112 0.999397 0.000000 0.000000 0.000000 0.000000 1.000000
0.999693 -0.004664 -0.024353 -0.000000 0.003899 0.999500 -0.031388 10.002700 0.024487 0.031283 0.999211 0.000000 0.000000 0.000000 0.000000 1.000000
0.999288 -0.015508 -0.034401 0.000000 0.014711 0.999620 -0.023300 10.002700 0.034750 0.022777 0.999136 0.000000 0.000000 0.000000 0.000000 1.000000
0.999019 -0.024977 -0.036556 0.000000 0.024425 0.999582 -0.015491 10.002700 0.036927 0.014583 0.999212 -0.000000 0.000000 0.000000 0.000000 1.000000
0.999309 -0.024170 -0.028248 0.000000 0.023751 0.999604 -0.015061 10.002700 0.028601 0.014380 0.999487 0.000000 0.000000 0.000000 0.000000 1.000000
0.999891 -0.010546 -0.010296 -0.000000 0.010314 0.999697 -0.022359 10.002700 0.010528 0.022250 0.999697 0.000000 0.000000 0.000000 0.000000 1.000000
0.999925 0.001077 0.012230 0.000000 -0.000652 0.999399 -0.034647 10.002700 -0.012260 0.034636 0.999325 -0.000000 0.000000 0.000000 0.000000 1.000000
0.999458 -0.000673 0.032912 0.000000 0.002124 0.999026 -0.044080 10.002700 -0.032850 0.044126 0.998486 0.000000 0.000000 0.000000 0.000000 1.000000
0.998862 -0.010114 0.046611 0.000000 0.012258 0.998869 -0.045947 10.002700 -0.046093 0.046466 0.997856 -0.000000 0.000000 0.000000 0.000000 1.000000
0.998563 -0.015810 0.051199 0.000000 0.018106 0.998837 -0.044688 10.002700 -0.050433 0.045551 0.997688 -0.000000 0.000000 0.000000 0.000000 1.000000
0.998715 -0.013528 0.048838 -0.000000 0.015731 0.998862 -0.045022 10.002700 -0.048173 0.045732 0.997792 0.000000 0.000000 0.000000 0.000000 1.000000
0.999032 -0.007265 0.043384 0.000000 0.009200 0.998963 -0.044589 10.002700 -0.043015 0.044945 0.998063 0.000000 0.000000 0.000000 0.000000 1.000000
0.999311 -0.001873 0.037081 -0.000000 0.003405 0.999141 -0.041288 10.002700 -0.036972 0.041386 0.998459 0.000000 0.000000 0.000000 0.000000 1.000000
0.999541 0.002270 0.030214 -0.000000 -0.001146 0.999308 -0.037179 10.002700 -0.030278 0.037127 0.998852 -0.000000 0.000000 0.000000 0.000000 1.000000
0.999717 0.006313 0.022956 -0.000000 -0.005563 0.999454 -0.032581 10.002700 -0.023149 0.032444 0.999205 0.000000 0.000000 0.000000 0.000000 1.000000
0.999807 0.009744 0.017042 0.000000 -0.009284 0.999596 -0.026880 10.002700 -0.017297 0.026717 0.999493 -0.000000 0.000000 0.000000 0.000000 1.000000
0.999822 0.012072 0.014491 0.000000 -0.011738 0.999669 -0.022874 10.002700 -0.014762 0.022700 0.999633 0.000000 0.000000 0.000000 0.000000 1.000000
0.999789 0.013779 0.015208 0.000000 -0.013415 0.999627 -0.023778 10.002700 -0.015530 0.023569 0.999602 -0.000000 0.000000 0.000000 0.000000 1.000000
0.999723 0.015880 0.017371 0.000000 -0.015372 0.999462 -0.028964 10.002700 -0.017822 0.028689 0.999429 0.000000 0.000000 0.000000 0.000000 1.000000
0.999615 0.019872 0.019340 0.000000 -0.019176 0.999185 -0.035522 10.002700 -0.020031 0.035138 0.999182 0.000000 0.000000 0.000000 0.000000 1.000000
0.999441 0.026456 0.020426 0.000000 -0.025585 0.998800 -0.041764 10.002700 -0.021506 0.041218 0.998919 0.000000 0.000000 0.000000 0.000000 1.000000
0.999215 0.033861 0.020564 0.000000 -0.032856 0.998336 -0.047396 10.002700 -0.022135 0.046683 0.998664 0.000000 0.000000 0.000000 0.000000 1.000000
0.999040 0.038962 0.020009 0.000000 -0.037877 0.997929 -0.051997 10.002700 -0.021993 0.051189 0.998447 -0.000000 0.000000 0.000000 0.000000 1.000000
0.999002 0.040322 0.019230 -0.000000 -0.039215 0.997725 -0.054839 10.002700 -0.021398 0.054031 0.998310 -0.000000 0.000000 0.000000 0.000000 1.000000
0.999097 0.038254 0.018508 0.000000 -0.037187 0.997797 -0.054937 10.002700 -0.020569 0.054200 0.998318 0.000000 0.000000 0.000000 0.000000 1.000000
0.999271 0.033760 0.017814 0.000000 -0.032794 0.998109 -0.051985 10.002700 -0.019535 0.051362 0.998489 0.000000 0.000000 0.000000 0.000000 1.000000
0.999457 0.028094 0.017208 0.000000 -0.027248 0.998497 -0.047562 10.002700 -0.018518 0.047068 0.998720 0.000000 0.000000 0.000000 0.000000 1.000000
0.999596 0.022700 0.017086 -0.000000 -0.021918 0.998763 -0.044627 10.002700 -0.018078 0.044235 0.998858 -0.000000 0.000000 0.000000 0.000000 1.000000
0.999612 0.021505 0.017696 0.000000 -0.020739 0.998887 -0.042351 10.002700 -0.018587 0.041968 0.998946 0.000000 0.000000 0.000000 0.000000 1.000000
0.999531 0.024446 0.018431 0.000000 -0.023688 0.998908 -0.040265 10.002700 -0.019396 0.039809 0.999019 0.000000 0.000000 0.000000 0.000000 1.000000
0.999484 0.025928 0.018962 0.000000 -0.025198 0.998969 -0.037757 10.002700 -0.019921 0.037260 0.999107 -0.000000 0.000000 0.000000 0.000000 1.000000
0.999582 0.021674 0.019129 -0.000000 -0.020976 0.999133 -0.035975 10.002700 -0.019892 0.035559 0.999170 0.000000 0.000000 0.000000 0.000000 1.000000
0.999723 0.013264 0.019437 -0.000000 -0.012515 0.999193 -0.038157 10.002700 -0.019928 0.037903 0.999083 -0.000000 0.000000 0.000000 0.000000 1.000000</float_array>
        <technique_common>
          <accessor source="#mixamorig_Spine1-Matrix-animation-output-transform-array" count="42" stride="16">
            <param type="float4x4"/>
          </accessor>
        </technique_common>
      </source>
      <source id="mixamorig_Spine1-Interpolations">
        <Name_array id="mixamorig_Spine1-Interpolations-array" count="42">
 LINEAR LINEAR LINEAR LINEAR LINEAR LINEAR LINEAR LINEAR LINEAR LINEAR LINEAR
LINEAR LINEAR LINEAR LINEAR LINEAR LINEAR LINEAR LINEAR LINEAR LINEAR LINEAR LINEAR
LINEAR LINEAR LINEAR LINEAR LINEAR LINEAR LINEAR LINEAR LINEAR LINEAR LINEAR LINEAR
LINEAR LINEAR LINEAR LINEAR LINEAR LINEAR LINEAR</Name_array>
        <technique_common>
          <accessor source="#mixamorig_Spine1-Interpolations-array" count="42">
            <param type="name"/>
          </accessor>
        </technique_common>
      </source>
      <sampler id="mixamorig_Spine1-Matrix-animation-transform">
        <input semantic="INPUT" source="#mixamorig_Spine1-Matrix-animation-input"/>
        <input semantic="OUTPUT" source="#mixamorig_Spine1-Matrix-animation-output-transform"/>
        <input semantic="INTERPOLATION" source="#mixamorig_Spine1-Interpolations"/>
      </sampler>
      <channel source="#mixamorig_Spine1-Matrix-animation-transform" target="mixamorig_Spine1/matrix"/>
    </animation>
    <animation id="mixamorig_Spine2-anim" name="mixamorig_Spine2">
      <source id="mixamorig_Spine2-Matrix-animation-input">
        <float_array id="mixamorig_Spine2-Matrix-animation-input-array" count="42">

0.000000 0.033333 0.066667 0.100000 0.133333 0.166667 0.200000 0.233333 0.266667 0.300000 0.333333 0.366667 0.400000 0.433333 0.466667 0.500000
0.533333 0.566667 0.600000 0.633333 0.666667 0.700000 0.733333 0.766667 0.800000 0.833333 0.866667 0.900000 0.933333 0.966667 1.000000 1.033333
1.066667 1.100000 1.133333 1.166667 1.200000 1.233333 1.266667 1.300000 1.333333 1.366667</float_array>
        <technique_common>
          <accessor source="#mixamorig_Spine2-Matrix-animation-input-array" count="42">
            <param name="TIME" type="float"/>
          </accessor>
        </technique_common>
      </source>
      <source id="mixamorig_Spine2-Matrix-animation-output-transform">
        <float_array id="mixamorig_Spine2-Matrix-animation-output-transform-array" count="672">

0.999731 0.013404 0.018921 0.000000 -0.012164 0.997866 -0.064156 9.322100 -0.019740 0.063908 0.997761 0.000000 0.000000 0.000000 0.000000 1.000000
0.999588 0.020618 0.019960 -0.000000 -0.019416 0.998092 -0.058614 9.322100 -0.021130 0.058203 0.998081 0.000000 0.000000 0.000000 0.000000 1.000000
0.999184 0.034374 0.021202 -0.000000 -0.033152 0.997909 -0.055485 9.322100 -0.023064 0.054737 0.998234 0.000000 0.000000 0.000000 0.000000 1.000000
0.998345 0.052666 0.023106 0.000000 -0.051380 0.997266 -0.053112 9.322100 -0.025840 0.051837 0.998321 0.000000 0.000000 0.000000 0.000000 1.000000
0.997690 0.063582 0.023925 0.000000 -0.062127 0.996421 -0.057315 9.322100 -0.027484 0.055696 0.998069 0.000000 0.000000 0.000000 0.000000 1.000000
0.997708 0.063690 0.022871 0.000000 -0.062164 0.996128 -0.062173 9.322100 -0.026742 0.060609 0.997803 0.000000 0.000000 0.000000 0.000000 1.000000
0.998140 0.058041 0.018675 0.000000 -0.056811 0.996533 -0.060776 9.322100 -0.022137 0.059602 0.997977 0.000000 0.000000 0.000000 0.000000 1.000000
0.999058 0.041783 0.011706 0.000000 -0.041096 0.997706 -0.053803 9.322100 -0.013927 0.053271 0.998483 0.000000 0.000000 0.000000 0.000000 1.000000
0.999784 0.020711 0.001867 0.000000 -0.020578 0.998297 -0.054591 9.322100 -0.002994 0.054541 0.998507 -0.000000 0.000000 0.000000 0.000000 1.000000
0.999929 0.005447 -0.010596 0.000000 -0.006064 0.998235 -0.059079 9.322100 0.010256 0.059139 0.998197 -0.000000 0.000000 0.000000 0.000000 1.000000
0.999706 -0.005864 -0.023536 0.000000 0.004495 0.998318 -0.057801 9.322100 0.023835 0.057678 0.998051 0.000000 0.000000 0.000000 0.000000 1.000000
0.999309 -0.017329 -0.032875 -0.000000 0.015663 0.998613 -0.050266 9.322100 0.033701 0.049716 0.998195 -0.000000 0.000000 0.000000 0.000000 1.000000
0.999040 -0.027133 -0.034404 0.000000 0.025650 0.998753 -0.042824 9.322100 0.035523 0.041901 0.998490 0.000000 0.000000 0.000000 0.000000 1.000000
0.999323 -0.025949 -0.026083 -0.000000 0.024838 0.998807 -0.042050 9.322100 0.027143 0.041374 0.998775 0.000000 0.000000 0.000000 0.000000 1.000000
0.999896 -0.011374 -0.008920 -0.000000 0.010927 0.998761 -0.048560 9.322100 0.009461 0.048457 0.998780 0.000000 0.000000 0.000000 0.000000 1.000000
0.999917 0.001268 0.012812 0.000000 -0.000492 0.998175 -0.060393 9.322100 -0.012865 0.060381 0.998092 0.000000 0.000000 0.000000 0.000000 1.000000
0.999436 0.000205 0.033568 -0.000000 0.002130 0.997580 -0.069497 9.322100 -0.033501 0.069529 0.997017 0.000000 0.000000 0.000000 0.000000 1.000000
0.998809 -0.008767 0.047988 0.000000 0.012153 0.997421 -0.070732 9.322100 -0.047245 0.071231 0.996340 0.000000 0.000000 0.000000 0.000000 1.000000
0.998489 -0.014216 0.053090 -0.000000 0.017871 0.997456 -0.069008 9.322100 -0.051974 0.069853 0.996202 0.000000 0.000000 0.000000 0.000000 1.000000
0.998644 -0.012006 0.050662 0.000000 0.015515 0.997466 -0.069437 9.322100 -0.049700 0.070129 0.996299 0.000000 0.000000 0.000000 0.000000 1.000000
0.998977 -0.005902 0.044829 0.000000 0.009006 0.997551 -0.069363 9.322100 -0.044309 0.069696 0.996584 0.000000 0.000000 0.000000 0.000000 1.000000
0.999271 -0.000655 0.038183 0.000000 0.003190 0.997791 -0.066358 9.322100 -0.038055 0.066431 0.997065 0.000000 0.000000 0.000000 0.000000 1.000000
0.999513 0.003273 0.031042 -0.000000 -0.001327 0.998045 -0.062485 9.322100 -0.031186 0.062413 0.997563 -0.000000 0.000000 0.000000 0.000000 1.000000
0.999699 0.007051 0.023495 -0.000000 -0.005675 0.998293 -0.058126 9.322100 -0.023865 0.057975 0.998033 0.000000 0.000000 0.000000 0.000000 1.000000
0.999798 0.010256 0.017304 -0.000000 -0.009333 0.998571 -0.052619 9.322100 -0.017818 0.052447 0.998465 0.000000 0.000000 0.000000 0.000000 1.000000
0.999817 0.012469 0.014541 0.000000 -0.011748 0.998744 -0.048709 9.322100 -0.015130 0.048529 0.998707 0.000000 0.000000 0.000000 0.000000 1.000000
0.999785 0.014174 0.015121 0.000000 -0.013408 0.998678 -0.049629 9.322100 -0.015804 0.049416 0.998653 0.000000 0.000000 0.000000 0.000000 1.000000
0.999720 0.016289 0.017161 0.000000 -0.015326 0.998379 -0.054812 9.322100 -0.018026 0.054534 0.998349 0.000000 0.000000 0.000000 0.000000 1.000000
0.999616 0.020260 0.018883 0.000000 -0.019066 0.997931 -0.061409 9.322100 -0.020088 0.061026 0.997934 0.000000 0.000000 0.000000 0.000000 1.000000
0.999450 0.026796 0.019532 -0.000000 -0.025417 0.997379 -0.067745 9.322100 -0.021296 0.067211 0.997511 -0.000000 0.000000 0.000000 0.000000 1.000000
0.999233 0.034134 0.019186 -0.000000 -0.032639 0.996763 -0.073475 9.322100 -0.021632 0.072792 0.997112 -0.000000 0.000000 0.000000 0.000000 1.000000
0.999065 0.039163 0.018318 0.000000 -0.037619 0.996233 -0.078131 9.322100 -0.021309 0.077369 0.996775 -0.000000 0.000000 0.000000 0.000000 1.000000
0.999028 0.040466 0.017460 0.000000 -0.038926 0.995955 -0.080988 9.322100 -0.020666 0.080230 0.996562 -0.000000 0.000000 0.000000 0.000000 1.000000
0.999122 0.038368 0.016836 -0.000000 -0.036882 0.996025 -0.081082 9.322100 -0.019880 0.080390 0.996565 0.000000 0.000000 0.000000 0.000000 1.000000
0.999293 0.033860 0.016345 -0.000000 -0.032485 0.996415 -0.078120 9.322100 -0.018931 0.077534 0.996810 0.000000 0.000000 0.000000 0.000000 1.000000
0.999475 0.028186 0.015988 -0.000000 -0.026936 0.996918 -0.073685 9.322100 -0.018016 0.073216 0.997153 0.000000 0.000000 0.000000 0.000000 1.000000
0.999611 0.022783 0.016108 0.000000 -0.021590 0.997262 -0.070726 9.322100 -0.017675 0.070351 0.997366 0.000000 0.000000 0.000000 0.000000 1.000000
0.999628 0.021606 0.016673 -0.000000 -0.020417 0.997445 -0.068466 9.322100 -0.018110 0.068100 0.997514 0.000000 0.000000 0.000000 0.000000 1.000000
0.999552 0.024562 0.017129 0.000000 -0.023374 0.997516 -0.066449 9.322100 -0.018718 0.066019 0.997643 0.000000 0.000000 0.000000 0.000000 1.000000
0.999506 0.026071 0.017541 -0.000000 -0.024900 0.997640 -0.063981 9.322100 -0.019168 0.063513 0.997797 0.000000 0.000000 0.000000 0.000000 1.000000
0.999599 0.021839 0.018007 -0.000000 -0.020682 0.997854 -0.062133 9.322100 -0.019326 0.061736 0.997905 0.000000 0.000000 0.000000 0.000000 1.000000
0.999731 0.013404 0.018920 0.000000 -0.012164 0.997866 -0.064156 9.322100 -0.019740 0.063908 0.997761 -0.000000 0.000000 0.000000 0.000000 1.000000</float_array>
        <technique_common>
          <accessor source="#mixamorig_Spine2-Matrix-animation-output-transform-array" count="42" stride="16">
            <param type="float4x4"/>
          </accessor>
        </technique_common>
      </source>
      <source id="mixamorig_Spine2-Interpolations">
        <Name_array id="mixamorig_Spine2-Interpolations-array" count="42">
 LINEAR LINEAR LINEAR LINEAR LINEAR LINEAR LINEAR LINEAR LINEAR LINEAR LINEAR
LINEAR LINEAR LINEAR LINEAR LINEAR LINEAR LINEAR LINEAR LINEAR LINEAR LINEAR LINEAR
LINEAR LINEAR LINEAR LINEAR LINEAR LINEAR LINEAR LINEAR LINEAR LINEAR LINEAR LINEAR
LINEAR LINEAR LINEAR LINEAR LINEAR LINEAR LINEAR</Name_array>
        <technique_common>
          <accessor source="#mixamorig_Spine2-Interpolations-array" count="42">
            <param type="name"/>
          </accessor>
        </technique_common>
      </source>
      <sampler id="mixamorig_Spine2-Matrix-animation-transform">
        <input semantic="INPUT" source="#mixamorig_Spine2-Matrix-animation-input"/>
        <input semantic="OUTPUT" source="#mixamorig_Spine2-Matrix-animation-output-transform"/>
        <input semantic="INTERPOLATION" source="#mixamorig_Spine2-Interpolations"/>
      </sampler>
      <channel source="#mixamorig_Spine2-Matrix-animation-transform" target="mixamorig_Spine2/matrix"/>
    </animation>
    <animation id="mixamorig_Neck-anim" name="mixamorig_Neck">
      <source id="mixamorig_Neck-Matrix-animation-input">
        <float_array id="mixamorig_Neck-Matrix-animation-input-array" count="42">

0.000000 0.033333 0.066667 0.100000 0.133333 0.166667 0.200000 0.233333 0.266667 0.300000 0.333333 0.366667 0.400000 0.433333 0.466667 0.500000
0.533333 0.566667 0.600000 0.633333 0.666667 0.700000 0.733333 0.766667 0.800000 0.833333 0.866667 0.900000 0.933333 0.966667 1.000000 1.033333
1.066667 1.100000 1.133333 1.166667 1.200000 1.233333 1.266667 1.300000 1.333333 1.366667</float_array>
        <technique_common>
          <accessor source="#mixamorig_Neck-Matrix-animation-input-array" count="42">
            <param name="TIME" type="float"/>
          </accessor>
        </technique_common>
      </source>
      <source id="mixamorig_Neck-Matrix-animation-output-transform">
        <float_array id="mixamorig_Neck-Matrix-animation-output-transform-array" count="672">

0.970444 -0.104250 0.217647 0.000000 0.106564 0.994305 0.001109 16.865299 -0.216523 0.022117 0.976027 0.000000 0.000000 0.000000 0.000000 1.000000
0.968071 -0.108771 0.225847 0.000000 0.111523 0.993762 0.000577 16.865299 -0.224501 0.024628 0.974163 0.000000 0.000000 0.000000 0.000000 1.000000
0.964665 -0.117769 0.235695 0.000000 0.120607 0.992697 0.002394 16.865299 -0.234256 0.026118 0.971824 0.000000 0.000000 0.000000 0.000000 1.000000
0.960050 -0.131894 0.246795 0.000000 0.134933 0.990844 0.004638 16.865299 -0.245147 0.028848 0.969057 -0.000000 0.000000 0.000000 0.000000 1.000000
0.954746 -0.142906 0.260840 -0.000000 0.145092 0.989357 0.010963 16.865299 -0.259631 0.027379 0.965320 0.000000 0.000000 0.000000 0.000000 1.000000
0.948588 -0.143711 0.282006 -0.000000 0.144579 0.989332 0.017845 16.865299 -0.281562 0.023845 0.959247 -0.000000 0.000000 0.000000 0.000000 1.000000
0.940385 -0.131185 0.313794 0.000000 0.129802 0.991215 0.025394 16.865299 -0.314368 0.016851 0.949152 0.000000 0.000000 0.000000 0.000000 1.000000
0.932461 -0.105452 0.345538 0.000000 0.101107 0.994404 0.030628 16.865299 -0.346835 0.006377 0.937905 0.000000 0.000000 0.000000 0.000000 1.000000
0.923550 -0.080831 0.374862 -0.000000 0.073889 0.996724 0.032884 16.865299 -0.376292 -0.002672 0.926497 -0.000000 0.000000 0.000000 0.000000 1.000000
0.913832 -0.069953 0.400021 -0.000000 0.061847 0.997535 0.033156 16.865299 -0.401354 -0.005559 0.915906 0.000000 0.000000 0.000000 0.000000 1.000000
0.908479 -0.065753 0.412727 0.000000 0.059016 0.997834 0.029065 16.865299 -0.413744 -0.002047 0.910391 0.000000 0.000000 0.000000 0.000000 1.000000
0.913277 -0.063244 0.402399 -0.000000 0.059245 0.997992 0.022392 16.865299 -0.403007 0.003390 0.915191 0.000000 0.000000 0.000000 0.000000 1.000000
0.928093 -0.052035 0.368695 0.000000 0.053419 0.998551 0.006461 16.865299 -0.368497 0.013699 0.929528 0.000000 0.000000 0.000000 0.000000 1.000000
0.949495 -0.036293 0.311678 0.000000 0.040415 0.999160 -0.006776 16.865299 -0.311170 0.019030 0.950164 0.000000 0.000000 0.000000 0.000000 1.000000
0.972082 -0.015847 0.234104 0.000000 0.020432 0.999644 -0.017171 16.865299 -0.233748 0.021475 0.972060 0.000000 0.000000 0.000000 0.000000 1.000000
0.989086 0.010104 0.146995 0.000000 -0.004494 0.999250 -0.038451 16.865299 -0.147273 0.037371 0.988390 -0.000000 0.000000 0.000000 0.000000 1.000000
0.997267 0.034182 0.065503 -0.000000 -0.030676 0.998081 -0.053796 16.865299 -0.067216 0.051639 0.996401 0.000000 0.000000 0.000000 0.000000 1.000000
0.998591 0.052790 0.005452 -0.000000 -0.052374 0.996856 -0.059454 16.865299 -0.008573 0.059084 0.998216 0.000000 0.000000 0.000000 0.000000 1.000000
0.997124 0.065630 -0.037908 -0.000000 -0.067653 0.996202 -0.054810 16.865299 0.034167 0.057217 0.997777 -0.000000 0.000000 0.000000 0.000000 1.000000
0.995386 0.076740 -0.057597 0.000000 -0.079568 0.995648 -0.048521 16.865299 0.053623 0.052880 0.997160 0.000000 0.000000 0.000000 0.000000 1.000000
0.994468 0.092201 -0.050332 -0.000000 -0.094468 0.994524 -0.044701 16.865299 0.045935 0.049209 0.997732 0.000000 0.000000 0.000000 0.000000 1.000000
0.994241 0.105621 -0.018152 0.000000 -0.106349 0.993293 -0.045378 16.865299 0.013237 0.047047 0.998805 -0.000000 0.000000 0.000000 0.000000 1.000000
0.993837 0.108127 0.024406 -0.000000 -0.106790 0.992988 -0.050702 16.865299 -0.029717 0.047783 0.998416 -0.000000 0.000000 0.000000 0.000000 1.000000
0.993206 0.094618 0.067744 0.000000 -0.090684 0.994132 -0.058981 16.865299 -0.072927 0.052437 0.995958 0.000000 0.000000 0.000000 0.000000 1.000000
0.991231 0.076414 0.107802 0.000000 -0.069335 0.995276 -0.067955 16.865299 -0.112485 0.059885 0.991847 -0.000000 0.000000 0.000000 0.000000 1.000000
0.987786 0.062965 0.142528 -0.000000 -0.053057 0.995972 -0.072283 16.865299 -0.146505 0.063838 0.987148 0.000000 0.000000 0.000000 0.000000 1.000000
0.983719 0.056526 0.170594 -0.000000 -0.045147 0.996534 -0.069863 16.865299 -0.173952 0.061024 0.982862 0.000000 0.000000 0.000000 0.000000 1.000000
0.980488 0.053301 0.189213 0.000000 -0.041732 0.997037 -0.064613 16.865299 -0.192097 0.055456 0.979808 0.000000 0.000000 0.000000 0.000000 1.000000
