<?xml version="1.0" encoding="utf-8"?>
<COLLADA xmlns="http://www.collada.org/2005/11/COLLADASchema" version="1.4.1">
  <asset>
    <contributor>
      <author>Mixamo</author>
      <authoring_tool>COLLADA Mixamo exporter</authoring_tool>
      <comments/>
    </contributor>
    <created>2025-03-02T13:51:12Z</created>
    <modified>2025-03-02T13:51:12Z</modified>
    <revision/>
    <title/>
    <unit meter="0.010000"/>
    <up_axis>Y_UP</up_axis>
  </asset>
  <library_animations>
    <animation id="mixamorig_Hips-anim" name="mixamorig_Hips">
      <source id="mixamorig_Hips-Matrix-animation-input">
        <float_array id="mixamorig_Hips-Matrix-animation-input-array" count="38">

0.000000 0.033333 0.066667 0.100000 0.133333 0.166667 0.200000 0.233333 0.266667 0.300000 0.333333 0.366667 0.400000 0.433333 0.466667 0.500000
0.533333 0.566667 0.600000 0.633333 0.666667 0.700000 0.733333 0.766667 0.800000 0.833333 0.866667 0.900000 0.933333 0.966667 1.000000 1.033333
1.066667 1.100000 1.133333 1.166667 1.200000 1.233333</float_array>
        <technique_common>
          <accessor source="#mixamorig_Hips-Matrix-animation-input-array" count="38">
            <param name="TIME" type="float"/>
          </accessor>
        </technique_common>
      </source>
      <source id="mixamorig_Hips-Matrix-animation-output-transform">
        <float_array id="mixamorig_Hips-Matrix-animation-output-transform-array" count="608">

0.995987 0.001039 0.089494 -0.237420 -0.002803 0.999804 0.019589 96.951622 -0.089456 -0.019761 0.995795 -1.448238 0.000000 0.000000 0.000000 1.000000
0.999013 -0.035696 0.026446 0.802463 0.035162 0.999173 0.020400 97.697540 -0.027152 -0.019450 0.999442 1.145034 0.000000 0.000000 0.000000 1.000000
0.997149 -0.059961 -0.045805 1.901950 0.060299 0.998162 0.006030 98.342705 0.045359 -0.008775 0.998932 3.711316 0.000000 0.000000 0.000000 1.000000
0.992053 -0.066911 -0.106549 2.729921 0.067148 0.997742 -0.001372 98.530205 0.106401 -0.005793 0.994306 6.483479 0.000000 0.000000 0.000000 1.000000
0.986483 -0.062912 -0.151308 3.287335 0.063137 0.997999 -0.003321 98.172829 0.151214 -0.006277 0.988481 9.464991 0.000000 0.000000 0.000000 1.000000
0.981625 -0.053273 -0.183235 3.642919 0.054037 0.998539 -0.000829 97.468735 0.183012 -0.009088 0.983069 12.557652 0.000000 0.000000 0.000000 1.000000
0.978048 -0.039223 -0.204654 3.776446 0.041606 0.999107 0.007350 96.495041 0.204182 -0.015703 0.978807 15.855317 0.000000 0.000000 0.000000 1.000000
0.975050 -0.028324 -0.220172 3.698281 0.030303 0.999525 0.005614 95.417900 0.219908 -0.012146 0.975445 19.355886 0.000000 0.000000 0.000000 1.000000
0.973485 -0.034216 -0.226176 3.388242 0.033491 0.999414 -0.007043 94.612411 0.226285 -0.000719 0.974061 23.136320 0.000000 0.000000 0.000000 1.000000
0.974489 -0.061995 -0.215703 2.858888 0.059586 0.998067 -0.017661 94.349434 0.216380 0.004358 0.976299 27.409893 0.000000 0.000000 0.000000 1.000000
0.975525 -0.099153 -0.196265 2.315473 0.096092 0.995056 -0.025083 94.424629 0.197781 0.005609 0.980230 32.061584 0.000000 0.000000 0.000000 1.000000
0.974957 -0.129102 -0.181083 1.964600 0.127909 0.991617 -0.018303 94.580704 0.181928 -0.005317 0.983298 36.458389 0.000000 0.000000 0.000000 1.000000
0.972741 -0.147414 -0.179010 1.796952 0.149601 0.988746 -0.001297 94.709602 0.177187 -0.025518 0.983846 40.241383 0.000000 0.000000 0.000000 1.000000
0.969342 -0.159045 -0.187300 1.800676 0.163671 0.986470 0.009399 94.619865 0.183271 -0.039766 0.982258 43.514957 0.000000 0.000000 0.000000 1.000000
0.967597 -0.168212 -0.188310 1.848756 0.173636 0.984730 0.012565 94.447243 0.183320 -0.044855 0.982029 46.304375 0.000000 0.000000 0.000000 1.000000
0.972126 -0.163357 -0.168184 1.637052 0.166946 0.985939 0.007323 94.551910 0.164623 -0.035196 0.985728 48.795059 0.000000 0.000000 0.000000 1.000000
0.980318 -0.143423 -0.135674 1.157670 0.144553 0.989496 -0.001536 94.956696 0.134469 -0.018106 0.990752 51.359070 0.000000 0.000000 0.000000 1.000000
0.987563 -0.117633 -0.104315 0.584416 0.117503 0.993045 -0.007408 95.450699 0.104461 -0.004942 0.994517 54.084339 0.000000 0.000000 0.000000 1.000000
0.993872 -0.084460 -0.071306 -0.086005 0.084026 0.996422 -0.009066 95.993256 0.071816 0.003019 0.997413 56.897644 0.000000 0.000000 0.000000 1.000000
0.998537 -0.045629 -0.029027 -0.885183 0.045521 0.998954 -0.004378 96.698700 0.029197 0.003050 0.999569 59.734371 0.000000 0.000000 0.000000 1.000000
0.999700 -0.014489 0.019756 -1.695685 0.014496 0.999895 -0.000190 97.423454 -0.019751 0.000477 0.999805 62.560524 0.000000 0.000000 0.000000 1.000000
0.997654 -0.000954 0.068451 -2.299395 0.001771 0.999928 -0.011876 97.806328 -0.068435 0.011969 0.997584 65.348000 0.000000 0.000000 0.000000 1.000000
0.993691 -0.003873 0.112083 -2.669679 0.008070 0.999282 -0.037021 97.664391 -0.111859 0.037692 0.993009 68.119453 0.000000 0.000000 0.000000 1.000000
0.988931 -0.019436 0.147100 -2.861395 0.027514 0.998211 -0.053080 96.947159 -0.145805 0.056539 0.987696 71.107948 0.000000 0.000000 0.000000 1.000000
0.983168 -0.050120 0.175693 -2.774963 0.060517 0.996688 -0.054320 95.696671 -0.172389 0.064038 0.982945 74.530991 0.000000 0.000000 0.000000 1.000000
0.977681 -0.077411 0.195315 -2.536373 0.089952 0.994361 -0.056163 94.600365 -0.189866 0.072478 0.979131 78.124138 0.000000 0.000000 0.000000 1.000000
0.976645 -0.072900 0.202112 -2.344843 0.086800 0.994370 -0.060772 93.694237 -0.196544 0.076896 0.977475 82.053596 0.000000 0.000000 0.000000 1.000000
0.981479 -0.031082 0.189032 -2.148289 0.042672 0.997430 -0.057552 93.383331 -0.186758 0.064553 0.980283 86.452103 0.000000 0.000000 0.000000 1.000000
0.986131 0.015862 0.165210 -1.833175 -0.007563 0.998683 -0.050739 93.536041 -0.165797 0.048785 0.984952 91.190086 0.000000 0.000000 0.000000 1.000000
0.986872 0.054751 0.151938 -1.607630 -0.048446 0.997816 -0.044895 93.447067 -0.154064 0.036944 0.987370 95.739441 0.000000 0.000000 0.000000 1.000000
0.984284 0.084482 0.155073 -1.520472 -0.080646 0.996264 -0.030879 93.365189 -0.157102 0.017888 0.987420 99.890312 0.000000 0.000000 0.000000 1.000000
0.981222 0.103115 0.163007 -1.551064 -0.103601 0.994604 -0.005543 93.473564 -0.162699 -0.011448 0.986609 103.591454 0.000000 0.000000 0.000000 1.000000
0.979091 0.115909 0.167168 -1.686135 -0.120962 0.992449 0.020335 93.764351 -0.163549 -0.040131 0.985719 106.853638 0.000000 0.000000 0.000000 1.000000
0.980134 0.116221 0.160720 -1.781286 -0.122908 0.991893 0.032272 94.306694 -0.155666 -0.051385 0.986472 109.789993 0.000000 0.000000 0.000000 1.000000
0.984377 0.100209 0.144775 -1.725405 -0.105738 0.993911 0.030994 94.976761 -0.140788 -0.045818 0.988979 112.457886 0.000000 0.000000 0.000000 1.000000
0.988799 0.074429 0.129370 -1.458427 -0.078506 0.996556 0.026700 95.577728 -0.126938 -0.036557 0.991237 115.104111 0.000000 0.000000 0.000000 1.000000
0.993049 0.040980 0.110334 -0.934742 -0.043606 0.998818 0.021490 96.171692 -0.109323 -0.026152 0.993662 117.891571 0.000000 0.000000 0.000000 1.000000
0.997109 0.001307 0.075968 -0.217746 -0.002803 0.999804 0.019589 96.951660 -0.075928 -0.019745 0.996918 120.803482 0.000000 0.000000 0.000000 1.000000</float_array>
        <technique_common>
          <accessor source="#mixamorig_Hips-Matrix-animation-output-transform-array" count="38" stride="16">
            <param type="float4x4"/>
          </accessor>
        </technique_common>
      </source>
      <source id="mixamorig_Hips-Interpolations">
        <Name_array id="mixamorig_Hips-Interpolations-array" count="38">
 LINEAR LINEAR LINEAR LINEAR LINEAR LINEAR LINEAR LINEAR LINEAR LINEAR LINEAR
LINEAR LINEAR LINEAR LINEAR LINEAR LINEAR LINEAR LINEAR LINEAR LINEAR LINEAR LINEAR
LINEAR LINEAR LINEAR LINEAR LINEAR LINEAR LINEAR LINEAR LINEAR LINEAR LINEAR LINEAR
LINEAR LINEAR LINEAR</Name_array>
        <technique_common>
          <accessor source="#mixamorig_Hips-Interpolations-array" count="38">
            <param type="name"/>
          </accessor>
        </technique_common>
      </source>
      <sampler id="mixamorig_Hips-Matrix-animation-transform">
        <input semantic="INPUT" source="#mixamorig_Hips-Matrix-animation-input"/>
        <input semantic="OUTPUT" source="#mixamorig_Hips-Matrix-animation-output-transform"/>
        <input semantic="INTERPOLATION" source="#mixamorig_Hips-Interpolations"/>
      </sampler>
      <channel source="#mixamorig_Hips-Matrix-animation-transform" target="mixamorig_Hips/matrix"/>
    </animation>
    <animation id="mixamorig_Spine-anim" name="mixamorig_Spine">
      <source id="mixamorig_Spine-Matrix-animation-input">
        <float_array id="mixamorig_Spine-Matrix-animation-input-array" count="38">

0.000000 0.033333 0.066667 0.100000 0.133333 0.166667 0.200000 0.233333 0.266667 0.300000 0.333333 0.366667 0.400000 0.433333 0.466667 0.500000
0.533333 0.566667 0.600000 0.633333 0.666667 0.700000 0.733333 0.766667 0.800000 0.833333 0.866667 0.900000 0.933333 0.966667 1.000000 1.033333
1.066667 1.100000 1.133333 1.166667 1.200000 1.233333</float_array>
        <technique_common>
          <accessor source="#mixamorig_Spine-Matrix-animation-input-array" count="38">
            <param name="TIME" type="float"/>
          </accessor>
        </technique_common>
      </source>
      <source id="mixamorig_Spine-Matrix-animation-output-transform">
        <float_array id="mixamorig_Spine-Matrix-animation-output-transform-array" count="608">

0.993352 0.114612 -0.010767 0.000000 -0.115063 0.991395 -0.062429 9.226300 0.003519 0.063253 0.997991 1.577100 0.000000 0.000000 0.000000 1.000000
0.993408 0.114412 0.007153 0.000000 -0.113721 0.991428 -0.064328 9.226300 -0.014452 0.063090 0.997903 1.577100 0.000000 0.000000 0.000000 1.000000
0.996322 0.080116 0.030407 0.000000 -0.078407 0.995471 -0.053761 9.226300 -0.034577 0.051179 0.998091 1.577100 0.000000 0.000000 0.000000 1.000000
0.998250 0.030684 0.050542 0.000000 -0.027620 0.997801 -0.060244 9.226300 -0.052279 0.058743 0.996903 1.577100 0.000000 0.000000 0.000000 1.000000
0.997614 -0.017398 0.066804 0.000000 0.022317 0.997037 -0.073610 9.226300 -0.065325 0.074925 0.995047 1.577100 0.000000 0.000000 0.000000 1.000000
0.994815 -0.063916 0.079108 0.000000 0.070921 0.993490 -0.089154 9.226300 -0.072895 0.094302 0.992871 1.577100 0.000000 0.000000 0.000000 1.000000
0.990681 -0.105570 0.086062 0.000000 0.114577 0.987583 -0.107480 9.226300 -0.073647 0.116339 0.990475 1.577100 0.000000 0.000000 0.000000 1.000000
0.987616 -0.129588 0.088444 0.000000 0.138955 0.984218 -0.109575 9.226300 -0.072849 0.120508 0.990036 1.577100 0.000000 0.000000 0.000000 1.000000
0.989342 -0.118516 0.084600 -0.000000 0.125600 0.988518 -0.084000 9.226300 -0.073673 0.093731 0.992868 1.577100 0.000000 0.000000 0.000000 1.000000
0.994671 -0.069997 0.075697 0.000000 0.072493 0.996895 -0.030738 9.226300 -0.073310 0.036062 0.996657 1.577100 0.000000 0.000000 0.000000 1.000000
0.997616 -0.009667 0.068331 0.000000 0.006695 0.999027 0.043587 9.226300 -0.068686 -0.043026 0.996710 1.577100 0.000000 0.000000 0.000000 1.000000
0.997337 0.037909 0.062306 0.000000 -0.043045 0.995597 0.083271 9.226300 -0.058875 -0.085731 0.994577 1.577100 0.000000 0.000000 0.000000 1.000000
0.996024 0.070103 0.054979 0.000000 -0.074046 0.994556 0.073319 9.226300 -0.049540 -0.077099 0.995792 1.577100 0.000000 0.000000 0.000000 1.000000
0.994704 0.090817 0.048118 -0.000000 -0.092985 0.994655 0.044898 9.226300 -0.043783 -0.049135 0.997832 1.577100 0.000000 0.000000 0.000000 1.000000
0.993676 0.105427 0.038643 0.000000 -0.106210 0.994166 0.018793 9.226300 -0.036436 -0.022778 0.999076 1.577100 0.000000 0.000000 0.000000 1.000000
0.994069 0.105674 0.025690 0.000000 -0.106040 0.994272 0.013332 9.226300 -0.024134 -0.015978 0.999581 1.577100 0.000000 0.000000 0.000000 1.000000
0.995783 0.090705 0.013765 0.000000 -0.091047 0.995489 0.026700 9.226300 -0.011281 -0.027841 0.999549 1.577100 0.000000 0.000000 0.000000 1.000000
0.997266 0.073811 0.003501 0.000000 -0.073891 0.996573 0.037179 9.226300 -0.000745 -0.037336 0.999302 1.577100 0.000000 0.000000 0.000000 1.000000
0.998489 0.054399 -0.007775 0.000000 -0.054069 0.997824 0.037746 9.226300 0.009811 -0.037269 0.999257 1.577100 0.000000 0.000000 0.000000 1.000000
0.999059 0.037584 -0.021644 0.000000 -0.037119 0.999079 0.021523 9.226300 0.022433 -0.020699 0.999534 1.577100 0.000000 0.000000 0.000000 1.000000
0.998642 0.038175 -0.035441 0.000000 -0.038135 0.999271 0.001828 9.226300 0.035485 -0.000474 0.999370 1.577100 0.000000 0.000000 0.000000 1.000000
0.997055 0.059848 -0.047960 0.000000 -0.059738 0.998207 0.003734 9.226300 0.048098 -0.000858 0.998842 1.577100 0.000000 0.000000 0.000000 1.000000
0.993589 0.095883 -0.059892 -0.000000 -0.095053 0.995334 0.016561 9.226300 0.061201 -0.010761 0.998067 1.577100 0.000000 0.000000 0.000000 1.000000
0.987518 0.140229 -0.071717 0.000000 -0.139901 0.990119 0.009600 9.226300 0.072355 0.000553 0.997379 1.577100 0.000000 0.000000 0.000000 1.000000
0.978244 0.190744 -0.081575 0.000000 -0.191609 0.981467 -0.002837 9.226300 0.079522 0.018406 0.996663 1.577100 0.000000 0.000000 0.000000 1.000000
0.969316 0.231202 -0.083497 0.000000 -0.232189 0.972668 -0.002172 9.226300 0.080713 0.021492 0.996506 1.577100 0.000000 0.000000 0.000000 1.000000
0.970588 0.226907 -0.080447 -0.000000 -0.227122 0.973844 0.006589 9.226300 0.079838 0.011876 0.996737 1.577100 0.000000 0.000000 0.000000 1.000000
0.983033 0.167111 -0.075634 0.000000 -0.166300 0.985930 0.016943 9.226300 0.077401 -0.004078 0.996992 1.577100 0.000000 0.000000 0.000000 1.000000
0.992132 0.103035 -0.071116 0.000000 -0.100051 0.993994 0.044338 9.226300 0.075257 -0.036874 0.996482 1.577100 0.000000 0.000000 0.000000 1.000000
0.995959 0.056310 -0.069966 0.000000 -0.050941 0.995784 0.076283 9.226300 0.073967 -0.072410 0.994628 1.577100 0.000000 0.000000 0.000000 1.000000
0.997465 0.020111 -0.068263 0.000000 -0.015289 0.997399 0.070445 9.226300 0.069502 -0.069223 0.995177 1.577100 0.000000 0.000000 0.000000 1.000000
0.998262 -0.002607 -0.058877 0.000000 0.003593 0.999855 0.016658 9.226300 0.058825 -0.016840 0.998126 1.577100 0.000000 0.000000 0.000000 1.000000
0.998919 -0.010366 -0.045314 0.000000 0.008294 0.998922 -0.045664 9.226300 0.045738 0.045238 0.997929 1.577100 0.000000 0.000000 0.000000 1.000000
0.999421 0.004762 -0.033693 -0.000000 -0.007374 0.996940 -0.077818 9.226300 0.033220 0.078021 0.996398 1.577100 0.000000 0.000000 0.000000 1.000000
0.998965 0.037470 -0.025803 0.000000 -0.039480 0.995820 -0.082370 9.226300 0.022609 0.083303 0.996268 1.577100 0.000000 0.000000 0.000000 1.000000
0.997457 0.067753 -0.022097 -0.000000 -0.069334 0.994292 -0.081089 9.226300 0.016477 0.082415 0.996462 1.577100 0.000000 0.000000 0.000000 1.000000
0.995474 0.093155 -0.018788 0.000000 -0.094286 0.992882 -0.072769 9.226300 0.011876 0.074211 0.997172 1.577100 0.000000 0.000000 0.000000 1.000000
0.993352 0.114611 -0.010766 0.000000 -0.115062 0.991395 -0.062431 9.226300 0.003518 0.063255 0.997991 1.577100 0.000000 0.000000 0.000000 1.000000</float_array>
        <technique_common>
          <accessor source="#mixamorig_Spine-Matrix-animation-output-transform-array" count="38" stride="16">
            <param type="float4x4"/>
          </accessor>
        </technique_common>
      </source>
      <source id="mixamorig_Spine-Interpolations">
        <Name_array id="mixamorig_Spine-Interpolations-array" count="38">
 LINEAR LINEAR LINEAR LINEAR LINEAR LINEAR LINEAR LINEAR LINEAR LINEAR LINEAR
LINEAR LINEAR LINEAR LINEAR LINEAR LINEAR LINEAR LINEAR LINEAR LINEAR LINEAR LINEAR
LINEAR LINEAR LINEAR LINEAR LINEAR LINEAR LINEAR LINEAR LINEAR LINEAR LINEAR LINEAR
LINEAR LINEAR LINEAR</Name_array>
        <technique_common>
          <accessor source="#mixamorig_Spine-Interpolations-array" count="38">
            <param type="name"/>
          </accessor>
        </technique_common>
      </source>
      <sampler id="mixamorig_Spine-Matrix-animation-transform">
        <input semantic="INPUT" source="#mixamorig_Spine-Matrix-animation-input"/>
        <input semantic="OUTPUT" source="#mixamorig_Spine-Matrix-animation-output-transform"/>
        <input semantic="INTERPOLATION" source="#mixamorig_Spine-Interpolations"/>
      </sampler>
      <channel source="#mixamorig_Spine-Matrix-animation-transform" target="mixamorig_Spine/matrix"/>
    </animation>
    <animation id="mixamorig_Spine1-anim" name="mixamorig_Spine1">
      <source id="mixamorig_Spine1-Matrix-animation-input">
        <float_array id="mixamorig_Spine1-Matrix-animation-input-array" count="38">

0.000000 0.033333 0.066667 0.100000 0.133333 0.166667 0.200000 0.233333 0.266667 0.300000 0.333333 0.366667 0.400000 0.433333 0.466667 0.500000
0.533333 0.566667 0.600000 0.633333 0.666667 0.700000 0.733333 0.766667 0.800000 0.833333 0.866667 0.900000 0.933333 0.966667 1.000000 1.033333
1.066667 1.100000 1.133333 1.166667 1.200000 1.233333</float_array>
        <technique_common>
          <accessor source="#mixamorig_Spine1-Matrix-animation-input-array" count="38">
            <param name="TIME" type="float"/>
          </accessor>
        </technique_common>
      </source>
      <source id="mixamorig_Spine1-Matrix-animation-output-transform">
        <float_array id="mixamorig_Spine1-Matrix-animation-output-transform-array" count="608">

0.997884 -0.064432 -0.008690 0.000000 0.065009 0.986911 0.147579 16.254801 -0.000932 -0.147832 0.989012 0.000000 0.000000 0.000000 0.000000 1.000000
0.998619 -0.050770 0.013487 0.000000 0.048238 0.987925 0.147232 16.254801 -0.020799 -0.146378 0.989010 0.000000 0.000000 0.000000 0.000000 1.000000
0.998898 -0.027320 0.038157 -0.000000 0.021563 0.989360 0.143882 16.254801 -0.041682 -0.142901 0.988859 0.000000 0.000000 0.000000 0.000000 1.000000
0.998350 -0.005114 0.057188 0.000000 -0.003192 0.989541 0.144214 16.254801 -0.057327 -0.144159 0.987893 -0.000000 0.000000 0.000000 0.000000 1.000000
0.997557 0.010978 0.068986 0.000000 -0.020943 0.989145 0.145442 16.254801 -0.066641 -0.146531 0.986959 0.000000 0.000000 0.000000 0.000000 1.000000
0.996803 0.025414 0.075750 0.000000 -0.036293 0.988635 0.145889 16.254801 -0.071181 -0.148172 0.986397 0.000000 0.000000 0.000000 0.000000 1.000000
0.996205 0.038243 0.078183 -0.000000 -0.049624 0.987554 0.149244 16.254801 -0.071503 -0.152557 0.985705 0.000000 0.000000 0.000000 0.000000 1.000000
0.995921 0.044706 0.078380 0.000000 -0.056460 0.986328 0.154819 16.254801 -0.070387 -0.158613 0.984829 -0.000000 0.000000 0.000000 0.000000 1.000000
0.995933 0.044035 0.078606 0.000000 -0.055834 0.986359 0.154853 16.254801 -0.070714 -0.158612 0.984805 0.000000 0.000000 0.000000 0.000000 1.000000
0.996006 0.040589 0.079522 -0.000000 -0.051650 0.988463 0.142387 16.254801 -0.072825 -0.145926 0.986611 0.000000 0.000000 0.000000 0.000000 1.000000
0.996132 0.037752 0.079350 0.000000 -0.047018 0.991858 0.118355 16.254801 -0.074236 -0.121628 0.989796 0.000000 0.000000 0.000000 0.000000 1.000000
0.996485 0.037198 0.075063 0.000000 -0.044816 0.993724 0.102489 16.254801 -0.070780 -0.105492 0.991898 0.000000 0.000000 0.000000 0.000000 1.000000
0.997014 0.034719 0.068976 -0.000000 -0.041854 0.993607 0.104850 16.254801 -0.064895 -0.107423 0.992093 0.000000 0.000000 0.000000 0.000000 1.000000
0.997437 0.031208 0.064380 0.000000 -0.038427 0.992723 0.114123 16.254801 -0.060350 -0.116305 0.991378 0.000000 0.000000 0.000000 0.000000 1.000000
0.997887 0.029816 0.057731 0.000000 -0.036650 0.991953 0.121183 16.254801 -0.053654 -0.123043 0.990950 0.000000 0.000000 0.000000 0.000000 1.000000
0.998576 0.027849 0.045509 0.000000 -0.033305 0.991737 0.123887 16.254801 -0.041683 -0.125227 0.991252 -0.000000 0.000000 0.000000 0.000000 1.000000
0.999091 0.028161 0.032003 0.000000 -0.031853 0.992089 0.121431 16.254801 -0.028330 -0.122340 0.992084 0.000000 0.000000 0.000000 0.000000 1.000000
0.999398 0.028311 0.020058 0.000000 -0.030521 0.992289 0.120132 16.254801 -0.016502 -0.120671 0.992555 0.000000 0.000000 0.000000 0.000000 1.000000
0.999654 0.025662 0.005748 0.000000 -0.026169 0.992308 0.120992 16.254801 -0.002599 -0.121101 0.992637 -0.000000 0.000000 0.000000 0.000000 1.000000
0.999767 0.017890 -0.012073 0.000000 -0.016233 0.991953 0.125565 16.254801 0.014222 -0.125340 0.992012 0.000000 0.000000 0.000000 0.000000 1.000000
0.999550 0.005487 -0.029477 0.000000 -0.001633 0.991613 0.129233 16.254801 0.029939 -0.129127 0.991176 0.000000 0.000000 0.000000 0.000000 1.000000
0.999036 -0.008187 -0.043122 0.000000 0.013565 0.991945 0.125942 16.254801 0.041744 -0.126406 0.991100 -0.000000 0.000000 0.000000 0.000000 1.000000
0.998386 -0.019699 -0.053275 0.000000 0.026228 0.991839 0.124771 16.254801 0.050382 -0.125967 0.990754 -0.000000 0.000000 0.000000 0.000000 1.000000
0.997675 -0.030128 -0.061137 0.000000 0.038065 0.990369 0.133120 16.254801 0.056537 -0.135138 0.989212 0.000000 0.000000 0.000000 0.000000 1.000000
0.997074 -0.038470 -0.066053 0.000000 0.047386 0.989127 0.139221 16.254801 0.059979 -0.141944 0.988056 0.000000 0.000000 0.000000 0.000000 1.000000
0.996627 -0.045987 -0.067974 0.000000 0.055229 0.988463 0.141037 16.254801 0.060704 -0.144316 0.987668 0.000000 0.000000 0.000000 0.000000 1.000000
0.996505 -0.048669 -0.067887 0.000000 0.057797 0.988502 0.139725 16.254801 0.060306 -0.143161 0.987860 0.000000 0.000000 0.000000 0.000000 1.000000
0.996674 -0.045030 -0.067920 0.000000 0.053919 0.989336 0.135304 16.254801 0.061103 -0.138516 0.988473 0.000000 0.000000 0.000000 0.000000 1.000000
0.996340 -0.047162 -0.071291 0.000000 0.055841 0.990571 0.125105 16.254801 0.064719 -0.128629 0.989579 0.000000 0.000000 0.000000 0.000000 1.000000
0.995722 -0.054151 -0.074872 -0.000000 0.062467 0.991559 0.113612 16.254801 0.068088 -0.117803 0.990700 0.000000 0.000000 0.000000 0.000000 1.000000
0.995823 -0.055226 -0.072711 0.000000 0.063390 0.991313 0.115241 16.254801 0.065715 -0.119369 0.990673 -0.000000 0.000000 0.000000 0.000000 1.000000
0.996353 -0.054443 -0.065705 0.000000 0.062700 0.989402 0.130964 16.254801 0.057879 -0.134606 0.989207 -0.000000 0.000000 0.000000 0.000000 1.000000
0.996534 -0.059042 -0.058607 0.000000 0.067094 0.986919 0.146595 16.254801 0.049185 -0.150019 0.987459 0.000000 0.000000 0.000000 0.000000 1.000000
0.996345 -0.068421 -0.051137 0.000000 0.075499 0.985413 0.152519 16.254801 0.039956 -0.155822 0.986977 0.000000 0.000000 0.000000 0.000000 1.000000
0.996235 -0.075930 -0.041837 0.000000 0.081449 0.985065 0.151701 16.254801 0.029694 -0.154537 0.987541 0.000000 0.000000 0.000000 0.000000 1.000000
0.996607 -0.075726 -0.032263 0.000000 0.079766 0.985235 0.151490 16.254801 0.020314 -0.153550 0.987932 0.000000 0.000000 0.000000 0.000000 1.000000
0.997250 -0.070744 -0.022082 0.000000 0.073273 0.985854 0.150739 16.254801 0.011106 -0.151943 0.988327 -0.000000 0.000000 0.000000 0.000000 1.000000
0.997884 -0.064432 -0.008690 0.000000 0.065009 0.986911 0.147579 16.254801 -0.000932 -0.147832 0.989012 0.000000 0.000000 0.000000 0.000000 1.000000</float_array>
        <technique_common>
          <accessor source="#mixamorig_Spine1-Matrix-animation-output-transform-array" count="38" stride="16">
            <param type="float4x4"/>
          </accessor>
        </technique_common>
      </source>
      <source id="mixamorig_Spine1-Interpolations">
        <Name_array id="mixamorig_Spine1-Interpolations-array" count="38">
 LINEAR LINEAR LINEAR LINEAR LINEAR LINEAR LINEAR LINEAR LINEAR LINEAR LINEAR
LINEAR LINEAR LINEAR LINEAR LINEAR LINEAR LINEAR LINEAR LINEAR LINEAR LINEAR LINEAR
LINEAR LINEAR LINEAR LINEAR LINEAR LINEAR LINEAR LINEAR LINEAR LINEAR LINEAR LINEAR
LINEAR LINEAR LINEAR</Name_array>
        <technique_common>
          <accessor source="#mixamorig_Spine1-Interpolations-array" count="38">
            <param type="name"/>
          </accessor>
        </technique_common>
      </source>
      <sampler id="mixamorig_Spine1-Matrix-animation-transform">
        <input semantic="INPUT" source="#mixamorig_Spine1-Matrix-animation-input"/>
        <input semantic="OUTPUT" source="#mixamorig_Spine1-Matrix-animation-output-transform"/>
        <input semantic="INTERPOLATION" source="#mixamorig_Spine1-Interpolations"/>
      </sampler>
      <channel source="#mixamorig_Spine1-Matrix-animation-transform" target="mixamorig_Spine1/matrix"/>
    </animation>
    <animation id="mixamorig_Spine2-anim" name="mixamorig_Spine2">
      <source id="mixamorig_Spine2-Matrix-animation-input">
        <float_array id="mixamorig_Spine2-Matrix-animation-input-array" count="38">

0.000000 0.033333 0.066667 0.100000 0.133333 0.166667 0.200000 0.233333 0.266667 0.300000 0.333333 0.366667 0.400000 0.433333 0.466667 0.500000
0.533333 0.566667 0.600000 0.633333 0.666667 0.700000 0.733333 0.766667 0.800000 0.833333 0.866667 0.900000 0.933333 0.966667 1.000000 1.033333
1.066667 1.100000 1.133333 1.166667 1.200000 1.233333</float_array>
        <technique_common>
          <accessor source="#mixamorig_Spine2-Matrix-animation-input-array" count="38">
            <param name="TIME" type="float"/>
          </accessor>
        </technique_common>
      </source>
      <source id="mixamorig_Spine2-Matrix-animation-output-transform">
        <float_array id="mixamorig_Spine2-Matrix-animation-output-transform-array" count="608">

0.997869 -0.061222 -0.022567 0.000000 0.065041 0.960859 0.269294 13.700700 0.005197 -0.270188 0.962794 0.000000 0.000000 0.000000 0.000000 1.000000
0.998681 -0.051327 0.001626 -0.000000 0.048978 0.961547 0.270237 13.700700 -0.015434 -0.269801 0.962792 0.000000 0.000000 0.000000 0.000000 1.000000
0.998996 -0.032624 0.030718 -0.000000 0.023232 0.963277 0.267503 13.700700 -0.038317 -0.266521 0.963067 0.000000 0.000000 0.000000 0.000000 1.000000
0.998429 -0.014042 0.054239 0.000000 -0.000946 0.963720 0.266914 13.700700 -0.056019 -0.266546 0.962193 0.000000 0.000000 0.000000 0.000000 1.000000
0.997590 0.000054 0.069389 0.000000 -0.018589 0.963657 0.266496 13.700700 -0.066853 -0.267144 0.961335 0.000000 0.000000 0.000000 0.000000 1.000000
0.996781 0.013507 0.079031 0.000000 -0.034072 0.963634 0.265045 13.700700 -0.072577 -0.266884 0.960992 0.000000 0.000000 0.000000 0.000000 1.000000
0.996119 0.026314 0.083992 -0.000000 -0.047904 0.962632 0.266542 13.700700 -0.073840 -0.269531 0.960156 0.000000 0.000000 0.000000 0.000000 1.000000
0.995744 0.032751 0.086147 0.000000 -0.055055 0.961001 0.271008 13.700700 -0.073912 -0.274598 0.958714 0.000000 0.000000 0.000000 0.000000 1.000000
0.995728 0.031288 0.086868 0.000000 -0.053873 0.960957 0.271404 13.700700 -0.074985 -0.274925 0.958537 0.000000 0.000000 0.000000 0.000000 1.000000
0.995892 0.026057 0.086724 0.000000 -0.047947 0.964172 0.260909 13.700700 -0.076818 -0.263995 0.961460 -0.000000 0.000000 0.000000 0.000000 1.000000
0.996101 0.020538 0.085796 0.000000 -0.040646 0.969994 0.239706 13.700700 -0.078299 -0.242259 0.967047 0.000000 0.000000 0.000000 0.000000 1.000000
0.996470 0.019301 0.081699 0.000000 -0.037369 0.973454 0.225810 13.700700 -0.075172 -0.228066 0.970739 0.000000 0.000000 0.000000 0.000000 1.000000
0.997037 0.018811 0.074583 0.000000 -0.035476 0.972807 0.228883 13.700700 -0.068249 -0.230850 0.970593 0.000000 0.000000 0.000000 0.000000 1.000000
0.997507 0.017654 0.068319 0.000000 -0.033500 0.970610 0.238315 13.700700 -0.062104 -0.240010 0.968782 0.000000 0.000000 0.000000 0.000000 1.000000
0.997980 0.018624 0.060737 -0.000000 -0.033012 0.968877 0.245331 13.700700 -0.054278 -0.246841 0.967535 0.000000 0.000000 0.000000 0.000000 1.000000
0.998654 0.019230 0.048163 0.000000 -0.030597 0.968328 0.247801 13.700700 -0.041872 -0.248942 0.967613 0.000000 0.000000 0.000000 0.000000 1.000000
0.999139 0.021728 0.035355 0.000000 -0.029742 0.969074 0.244970 13.700700 -0.028939 -0.245810 0.968886 0.000000 0.000000 0.000000 0.000000 1.000000
0.999426 0.023970 0.023925 0.000000 -0.029078 0.969502 0.243354 13.700700 -0.017362 -0.243910 0.969642 0.000000 0.000000 0.000000 0.000000 1.000000
0.999665 0.024097 0.009487 0.000000 -0.025684 0.969452 0.243931 13.700700 -0.003319 -0.244093 0.969746 0.000000 0.000000 0.000000 0.000000 1.000000
0.999758 0.019823 -0.009545 0.000000 -0.016834 0.968545 0.248267 13.700700 0.014167 -0.248046 0.968645 0.000000 0.000000 0.000000 0.000000 1.000000
0.999520 0.010635 -0.029103 0.000000 -0.002971 0.967819 0.251631 13.700700 0.030842 -0.251423 0.967386 0.000000 0.000000 0.000000 0.000000 1.000000
0.998974 -0.000325 -0.045276 -0.000000 0.011546 0.968741 0.247804 13.700700 0.043780 -0.248073 0.967752 -0.000000 0.000000 0.000000 0.000000 1.000000
0.998283 -0.009553 -0.057798 0.000000 0.023498 0.969069 0.245670 13.700700 0.053663 -0.246607 0.967629 0.000000 0.000000 0.000000 0.000000 1.000000
0.997505 -0.018586 -0.068102 0.000000 0.035253 0.966963 0.252466 13.700700 0.061159 -0.254237 0.965206 -0.000000 0.000000 0.000000 0.000000 1.000000
0.996827 -0.026205 -0.075157 -0.000000 0.044748 0.965400 0.256907 13.700700 0.065824 -0.259455 0.963509 0.000000 0.000000 0.000000 0.000000 1.000000
0.996303 -0.033147 -0.079257 0.000000 0.052579 0.964868 0.257419 13.700700 0.067940 -0.260634 0.963044 -0.000000 0.000000 0.000000 0.000000 1.000000
0.996145 -0.035536 -0.080203 -0.000000 0.055055 0.965055 0.256198 13.700700 0.068296 -0.259626 0.963291 0.000000 0.000000 0.000000 0.000000 1.000000
0.996372 -0.031960 -0.078882 0.000000 0.051047 0.966017 0.253386 13.700700 0.068103 -0.256493 0.964144 0.000000 0.000000 0.000000 0.000000 1.000000
0.996122 -0.032978 -0.081571 -0.000000 0.052095 0.968187 0.244746 13.700700 0.070905 -0.248046 0.966150 0.000000 0.000000 0.000000 0.000000 1.000000
0.995542 -0.038224 -0.086222 0.000000 0.057551 0.970465 0.234277 13.700700 0.074720 -0.238195 0.968339 0.000000 0.000000 0.000000 0.000000 1.000000
0.995673 -0.040054 -0.083847 -0.000000 0.058937 0.969821 0.236587 13.700700 0.071840 -0.240506 0.967986 0.000000 0.000000 0.000000 0.000000 1.000000
0.996244 -0.042436 -0.075473 0.000000 0.060259 0.965741 0.252415 13.700700 0.062176 -0.256015 0.964671 0.000000 0.000000 0.000000 0.000000 1.000000
0.996451 -0.049861 -0.067817 0.000000 0.066320 0.961201 0.267757 13.700700 0.051835 -0.271304 0.961097 0.000000 0.000000 0.000000 0.000000 1.000000
0.996256 -0.060742 -0.061525 -0.000000 0.075348 0.958967 0.273321 13.700700 0.042399 -0.276933 0.959953 -0.000000 0.000000 0.000000 0.000000 1.000000
0.996131 -0.069152 -0.054223 0.000000 0.081381 0.958758 0.272324 13.700700 0.033155 -0.275683 0.960677 0.000000 0.000000 0.000000 0.000000 1.000000
0.996508 -0.069904 -0.045674 0.000000 0.079744 0.958933 0.272192 13.700700 0.024771 -0.274883 0.961158 0.000000 0.000000 0.000000 0.000000 1.000000
0.997176 -0.065970 -0.035887 0.000000 0.073263 0.959568 0.271775 13.700700 0.016507 -0.273637 0.961691 0.000000 0.000000 0.000000 0.000000 1.000000
0.997869 -0.061222 -0.022567 0.000000 0.065041 0.960859 0.269293 13.700700 0.005197 -0.270187 0.962794 0.000000 0.000000 0.000000 0.000000 1.000000</float_array>
        <technique_common>
          <accessor source="#mixamorig_Spine2-Matrix-animation-output-transform-array" count="38" stride="16">
            <param type="float4x4"/>
          </accessor>
        </technique_common>
      </source>
      <source id="mixamorig_Spine2-Interpolations">
        <Name_array id="mixamorig_Spine2-Interpolations-array" count="38">
 LINEAR LINEAR LINEAR LINEAR LINEAR LINEAR LINEAR LINEAR LINEAR LINEAR LINEAR
LINEAR LINEAR LINEAR LINEAR LINEAR LINEAR LINEAR LINEAR LINEAR LINEAR LINEAR LINEAR
LINEAR LINEAR LINEAR LINEAR LINEAR LINEAR LINEAR LINEAR LINEAR LINEAR LINEAR LINEAR
LINEAR LINEAR LINEAR</Name_array>
        <technique_common>
          <accessor source="#mixamorig_Spine2-Interpolations-array" count="38">
            <param type="name"/>
          </accessor>
        </technique_common>
      </source>
      <sampler id="mixamorig_Spine2-Matrix-animation-transform">
        <input semantic="INPUT" source="#mixamorig_Spine2-Matrix-animation-input"/>
        <input semantic="OUTPUT" source="#mixamorig_Spine2-Matrix-animation-output-transform"/>
        <input semantic="INTERPOLATION" source="#mixamorig_Spine2-Interpolations"/>
      </sampler>
      <channel source="#mixamorig_Spine2-Matrix-animation-transform" target="mixamorig_Spine2/matrix"/>
    </animation>
    <animation id="mixamorig_Neck-anim" name="mixamorig_Neck">
      <source id="mixamorig_Neck-Matrix-animation-input">
        <float_array id="mixamorig_Neck-Matrix-animation-input-array" count="38">

0.000000 0.033333 0.066667 0.100000 0.133333 0.166667 0.200000 0.233333 0.266667 0.300000 0.333333 0.366667 0.400000 0.433333 0.466667 0.500000
0.533333 0.566667 0.600000 0.633333 0.666667 0.700000 0.733333 0.766667 0.800000 0.833333 0.866667 0.900000 0.933333 0.966667 1.000000 1.033333
1.066667 1.100000 1.133333 1.166667 1.200000 1.233333</float_array>
        <technique_common>
          <accessor source="#mixamorig_Neck-Matrix-animation-input-array" count="38">
            <param name="TIME" type="float"/>
          </accessor>
        </technique_common>
      </source>
      <source id="mixamorig_Neck-Matrix-animation-output-transform">
        <float_array id="mixamorig_Neck-Matrix-animation-output-transform-array" count="608">

0.998493 0.012186 -0.053511 0.000000 -0.041260 0.809590 -0.585545 14.544500 0.036186 0.586870 0.808872 -0.000000 0.000000 0.000000 0.000000 1.000000
0.998018 0.042205 -0.046687 0.000000 -0.061662 0.804241 -0.591096 14.544500 0.012600 0.592803 0.805249 0.000000 0.000000 0.000000 0.000000 1.000000
0.996430 0.076259 -0.036225 -0.000000 -0.083030 0.807500 -0.583995 14.544500 -0.015283 0.584918 0.810949 -0.000000 0.000000 0.000000 0.000000 1.000000
0.993586 0.109626 -0.027747 -0.000000 -0.105683 0.812888 -0.572751 14.544500 -0.040234 0.572010 0.819259 0.000000 0.000000 0.000000 0.000000 1.000000
0.989534 0.142544 -0.022445 -0.000000 -0.130399 0.816721 -0.562106 14.544500 -0.061794 0.559149 0.826761 -0.000000 0.000000 0.000000 0.000000 1.000000
0.985896 0.166581 -0.016090 -0.000000 -0.147625 0.820343 -0.552490 14.544500 -0.078835 0.547073 0.833364 0.000000 0.000000 0.000000 0.000000 1.000000
0.984549 0.174925 -0.008058 0.000000 -0.150543 0.822020 -0.549199 14.544500 -0.089445 0.541927 0.835653 0.000000 0.000000 0.000000 0.000000 1.000000
0.985453 0.169948 -0.000962 0.000000 -0.142512 0.823250 -0.549500 14.544500 -0.092594 0.541643 0.835493 0.000000 0.000000 0.000000 0.000000 1.000000
0.988509 0.151158 0.000808 -0.000000 -0.125742 0.825246 -0.550598 14.544500 -0.083894 0.544169 0.834770 0.000000 0.000000 0.000000 0.000000 1.000000
0.992661 0.120793 -0.005798 0.000000 -0.103320 0.822205 -0.559735 14.544500 -0.062845 0.556226 0.828651 0.000000 0.000000 0.000000 0.000000 1.000000
0.995910 0.089284 -0.013865 -0.000000 -0.081056 0.815031 -0.573719 14.544500 -0.039923 0.572497 0.818934 0.000000 0.000000 0.000000 0.000000 1.000000
0.997506 0.069159 -0.014090 0.000000 -0.064295 0.808054 -0.585589 14.544500 -0.029114 0.585035 0.810485 0.000000 0.000000 0.000000 0.000000 1.000000
0.997813 0.065623 -0.007883 0.000000 -0.057445 0.802049 -0.594489 14.544500 -0.032690 0.593642 0.804065 -0.000000 0.000000 0.000000 0.000000 1.000000
0.997659 0.068383 -0.000403 0.000000 -0.055250 0.802551 -0.594020 14.544500 -0.040297 0.592652 0.804450 -0.000000 0.000000 0.000000 0.000000 1.000000
0.997594 0.068990 0.006885 -0.000000 -0.051612 0.805249 -0.590686 14.544500 -0.046296 0.588909 0.806872 0.000000 0.000000 0.000000 0.000000 1.000000
0.997765 0.065731 0.012052 0.000000 -0.045531 0.800665 -0.597380 14.544500 -0.048916 0.595496 0.801868 0.000000 0.000000 0.000000 0.000000 1.000000
0.998502 0.053127 0.013070 0.000000 -0.034142 0.791737 -0.609907 14.544500 -0.042750 0.608548 0.792365 -0.000000 0.000000 0.000000 0.000000 1.000000
0.999312 0.035261 0.011490 -0.000000 -0.020545 0.784305 -0.620035 14.544500 -0.030875 0.619373 0.784490 0.000000 0.000000 0.000000 0.000000 1.000000
0.999733 0.020760 0.010155 0.000000 -0.009880 0.781152 -0.624263 14.544500 -0.020892 0.623996 0.781148 0.000000 0.000000 0.000000 0.000000 1.000000
0.999933 0.007988 0.008390 -0.000000 -0.001033 0.782857 -0.622201 14.544500 -0.011538 0.622151 0.782812 0.000000 0.000000 0.000000 0.000000 1.000000
0.999956 -0.008731 0.003302 -0.000000 0.008923 0.790196 -0.612789 14.544500 0.002741 0.612792 0.790239 0.000000 0.000000 0.000000 0.000000 1.000000
0.999472 -0.032068 -0.005250 -0.000000 0.022652 0.803406 -0.595001 14.544500 0.023298 0.594568 0.803708 0.000000 0.000000 0.000000 0.000000 1.000000
0.998260 -0.057613 -0.012581 -0.000000 0.039888 0.816814 -0.575521 14.544500 0.043434 0.574018 0.817690 0.000000 0.000000 0.000000 0.000000 1.000000
0.996803 -0.078005 -0.017275 -0.000000 0.055189 0.828618 -0.557087 14.544500 0.057770 0.554353 0.830274 0.000000 0.000000 0.000000 0.000000 1.000000
0.995747 -0.089032 -0.023700 -0.000000 0.062289 0.840091 -0.538858 14.544500 0.067885 0.535090 0.842063 0.000000 0.000000 0.000000 0.000000 1.000000
0.995734 -0.086783 -0.031345 0.000000 0.057932 0.852403 -0.519666 14.544500 0.071816 0.515633 0.853794 0.000000 0.000000 0.000000 0.000000 1.000000
0.995999 -0.081478 -0.036700 0.000000 0.052790 0.867842 -0.494029 14.544500 0.072102 0.490115 0.868671 -0.000000 0.000000 0.000000 0.000000 1.000000
0.996127 -0.080265 -0.035906 0.000000 0.053174 0.875096 -0.481019 14.544500 0.070030 0.477247 0.875975 -0.000000 0.000000 0.000000 0.000000 1.000000
0.997861 -0.059477 -0.027116 0.000000 0.038272 0.867894 -0.495273 14.544500 0.052991 0.493176 0.868314 0.000000 0.000000 0.000000 0.000000 1.000000
0.999506 -0.024457 -0.019739 0.000000 0.010935 0.859428 -0.511140 14.544500 0.029465 0.510671 0.859271 0.000000 0.000000 0.000000 0.000000 1.000000
0.999700 -0.008353 -0.023018 0.000000 -0.004716 0.856725 -0.515752 14.544500 0.024028 0.515706 0.856429 0.000000 0.000000 0.000000 0.000000 1.000000
0.999318 -0.012702 -0.034677 0.000000 -0.007008 0.856714 -0.515744 14.544500 0.036259 0.515635 0.856041 0.000000 0.000000 0.000000 0.000000 1.000000
0.998707 -0.019207 -0.047064 -0.000000 -0.007850 0.856484 -0.516114 14.544500 0.050223 0.515816 0.855226 0.000000 0.000000 0.000000 0.000000 1.000000
0.998244 -0.020979 -0.055399 -0.000000 -0.011082 0.852544 -0.522538 14.544500 0.058192 0.522235 0.850814 0.000000 0.000000 0.000000 0.000000 1.000000
0.998058 -0.019963 -0.059007 0.000000 -0.014772 0.844390 -0.535525 14.544500 0.060515 0.535357 0.842455 -0.000000 0.000000 0.000000 0.000000 1.000000
0.998084 -0.017492 -0.059355 -0.000000 -0.018197 0.833825 -0.551729 14.544500 0.059143 0.551752 0.831909 0.000000 0.000000 0.000000 0.000000 1.000000
0.998315 -0.008278 -0.057437 0.000000 -0.025910 0.822052 -0.568822 14.544500 0.051925 0.569352 0.820452 0.000000 0.000000 0.000000 0.000000 1.000000
0.998493 0.012186 -0.053510 0.000000 -0.041260 0.809591 -0.585542 14.544500 0.036186 0.586868 0.808874 0.000000 0.000000 0.000000 0.000000 1.000000</float_array>
        <technique_common>
          <accessor source="#mixamorig_Neck-Matrix-animation-output-transform-array" count="38" stride="16">
            <param type="float4x4"/>
          </accessor>
        </technique_common>
      </source>
      <source id="mixamorig_Neck-Interpolations">
        <Name_array id="mixamorig_Neck-Interpolations-array" count="38">
 LINEAR LINEAR LINEAR LINEAR LINEAR LINEAR LINEAR LINEAR LINEAR LINEAR LINEAR
LINEAR LINEAR LINEAR LINEAR LINEAR LINEAR LINEAR LINEAR LINEAR LINEAR LINEAR LINEAR
LINEAR LINEAR LINEAR LINEAR LINEAR LINEAR LINEAR LINEAR LINEAR LINEAR LINEAR LINEAR
LINEAR LINEAR LINEAR</Name_array>
        <technique_common>
          <accessor source="#mixamorig_Neck-Interpolations-array" count="38">
            <param type="name"/>
          </accessor>
        </technique_common>
      </source>
      <sampler id="mixamorig_Neck-Matrix-animation-transform">
        <input semantic="INPUT" source="#mixamorig_Neck-Matrix-animation-input"/>
        <input semantic="OUTPUT" source="#mixamorig_Neck-Matrix-animation-output-transform"/>
        <input semantic="INTERPOLATION" source="#mixamorig_Neck-Interpolations"/>
