<?xml version="1.0" encoding="utf-8"?>
<COLLADA xmlns="http://www.collada.org/2005/11/COLLADASchema" version="1.4.1">
  <asset>
    <contributor>
      <author>Mixamo</author>
      <authoring_tool>COLLADA Mixamo exporter</authoring_tool>
      <comments/>
    </contributor>
    <created>2024-07-05T11:17:43Z</created>
    <modified>2024-07-05T11:17:43Z</modified>
    <revision/>
    <title/>
    <unit meter="0.010000"/>
    <up_axis>Y_UP</up_axis>
  </asset>
  <library_animations>
    <animation id="mixamorig_Hips-anim" name="mixamorig_Hips">
      <source id="mixamorig_Hips-Matrix-animation-input">
        <float_array id="mixamorig_Hips-Matrix-animation-input-array" count="97">

0.000000 0.033333 0.066667 0.100000 0.133333 0.166667 0.200000 0.233333 0.266667 0.300000 0.333333 0.366667 0.400000 0.433333 0.466667 0.500000
0.533333 0.566667 0.600000 0.633333 0.666667 0.700000 0.733333 0.766667 0.800000 0.833333 0.866667 0.900000 0.933333 0.966667 1.000000 1.033333
1.066667 1.100000 1.133333 1.166667 1.200000 1.233333 1.266667 1.300000 1.333333 1.366667 1.400000 1.433333 1.466667 1.500000 1.533333 1.566667
1.600000 1.633333 1.666667 1.700000 1.733333 1.766667 1.800000 1.833333 1.866667 1.900000 1.933333 1.966667 2.000000 2.033333 2.066667 2.100000
2.133333 2.166667 2.200000 2.233333 2.266667 2.300000 2.333333 2.366667 2.400000 2.433333 2.466667 2.500000 2.533333 2.566667 2.600000 2.633333
2.666667 2.700000 2.733333 2.766667 2.800000 2.833333 2.866667 2.900000 2.933333 2.966667 3.000000 3.033333 3.066667 3.100000 3.133333 3.166667
3.200000</float_array>
        <technique_common>
          <accessor source="#mixamorig_Hips-Matrix-animation-input-array" count="97">
            <param name="TIME" type="float"/>
          </accessor>
        </technique_common>
      </source>
      <source id="mixamorig_Hips-Matrix-animation-output-transform">
        <float_array id="mixamorig_Hips-Matrix-animation-output-transform-array" count="1552">

0.972354 0.062187 -0.225079 -0.356719 -0.155146 0.892432 -0.423668 86.483734 0.174522 0.446875 0.877408 3.383151 0.000000 0.000000 0.000000 1.000000
0.984223 0.007234 -0.176784 -0.344536 -0.086419 0.891528 -0.444645 86.270317 0.154392 0.452907 0.878088 11.510957 0.000000 0.000000 0.000000 1.000000
0.992198 -0.055410 -0.111679 -0.238555 -0.001793 0.889365 -0.457194 86.656876 0.124656 0.453827 0.882327 20.239155 0.000000 0.000000 0.000000 1.000000
0.994002 -0.100854 -0.042282 0.204848 0.070831 0.888321 -0.453728 87.676277 0.083320 0.448012 0.890136 29.445160 0.000000 0.000000 0.000000 1.000000
0.992777 -0.118341 0.019713 0.939662 0.115128 0.893534 -0.433984 88.933868 0.033744 0.433119 0.900705 38.554924 0.000000 0.000000 0.000000 1.000000
0.992239 -0.106733 0.063790 1.879668 0.123553 0.904038 -0.409205 90.249916 -0.013993 0.413911 0.910210 47.583038 0.000000 0.000000 0.000000 1.000000
0.992916 -0.079910 0.087933 2.923093 0.108331 0.912832 -0.393704 91.232582 -0.048807 0.400441 0.915022 56.484196 0.000000 0.000000 0.000000 1.000000
0.994221 -0.045477 0.097243 3.970555 0.080313 0.916163 -0.392676 91.296669 -0.071232 0.398217 0.914521 65.141602 0.000000 0.000000 0.000000 1.000000
0.994906 -0.001004 0.100800 4.912513 0.041936 0.913441 -0.404804 90.023834 -0.091669 0.406969 0.908830 73.487885 0.000000 0.000000 0.000000 1.000000
0.992736 0.051504 0.108728 5.663767 0.000724 0.901159 -0.433488 87.903381 -0.120308 0.430418 0.894576 81.535789 0.000000 0.000000 0.000000 1.000000
0.987073 0.104096 0.121862 6.209014 -0.032680 0.875107 -0.482825 85.821190 -0.156903 0.472601 0.867196 89.394081 0.000000 0.000000 0.000000 1.000000
0.979559 0.146432 0.137921 6.601772 -0.047751 0.835307 -0.547707 84.233063 -0.195408 0.529925 0.825224 97.292709 0.000000 0.000000 0.000000 1.000000
0.972096 0.178157 0.152610 6.985053 -0.045079 0.780301 -0.623777 83.098961 -0.230212 0.599491 0.766559 105.568100 0.000000 0.000000 0.000000 1.000000
0.966072 0.209321 0.151295 7.539936 -0.038222 0.695215 -0.717785 82.398560 -0.255430 0.687649 0.679628 114.390114 0.000000 0.000000 0.000000 1.000000
0.961867 0.244801 0.122002 8.366731 -0.037187 0.558950 -0.828367 82.395584 -0.270978 0.792242 0.546739 123.695999 0.000000 0.000000 0.000000 1.000000
0.957954 0.276955 0.074971 9.537284 -0.035126 0.372531 -0.927355 83.547577 -0.284765 0.885730 0.366595 133.455261 0.000000 0.000000 0.000000 1.000000
0.955411 0.293731 0.030215 11.027739 -0.019003 0.163276 -0.986397 85.764877 -0.294669 0.941840 0.161577 143.724670 0.000000 0.000000 0.000000 1.000000
0.957055 0.289721 -0.010329 12.766902 0.004600 -0.050801 -0.998698 88.512970 -0.289869 0.955762 -0.049953 154.453613 0.000000 0.000000 0.000000 1.000000
0.961196 0.270137 -0.055937 14.607495 0.018991 -0.267082 -0.963487 91.188011 -0.275214 0.925037 -0.261848 165.352325 0.000000 0.000000 0.000000 1.000000
0.964029 0.246561 -0.099274 16.362865 0.029308 -0.469824 -0.882273 92.940834 -0.264176 0.847628 -0.460151 176.159378 0.000000 0.000000 0.000000 1.000000
0.964383 0.231061 -0.128749 17.882294 0.049421 -0.635574 -0.770457 93.486076 -0.259852 0.736652 -0.624356 186.707184 0.000000 0.000000 0.000000 1.000000
0.964394 0.221375 -0.144695 19.317337 0.077749 -0.760259 -0.644951 93.572899 -0.252782 0.610737 -0.750401 197.153519 0.000000 0.000000 0.000000 1.000000
0.967426 0.203312 -0.150834 20.985277 0.100731 -0.855776 -0.507445 93.355164 -0.232250 0.475722 -0.848380 207.393997 0.000000 0.000000 0.000000 1.000000
0.975378 0.166433 -0.144701 22.869921 0.106440 -0.929898 -0.352081 92.649521 -0.193155 0.328010 -0.924717 216.934296 0.000000 0.000000 0.000000 1.000000
0.985934 0.114317 -0.121925 24.705538 0.091454 -0.979599 -0.178946 91.470100 -0.139894 0.165279 -0.976275 225.393188 0.000000 0.000000 0.000000 1.000000
0.994387 0.059271 -0.087642 26.316069 0.059687 -0.998215 0.002138 90.294296 -0.087359 -0.007357 -0.996150 232.707687 0.000000 0.000000 0.000000 1.000000
0.998396 0.010513 -0.055629 27.838945 0.020055 -0.984567 0.173857 89.487885 -0.052943 -0.174694 -0.983198 239.174667 0.000000 0.000000 0.000000 1.000000
0.998931 -0.030679 -0.034568 29.559980 -0.018052 -0.947503 0.319236 88.432388 -0.042547 -0.318270 -0.947045 244.684433 0.000000 0.000000 0.000000 1.000000
0.998000 -0.061043 -0.016409 31.589142 -0.047866 -0.899375 0.434550 86.804008 -0.041284 -0.432895 -0.900498 248.527969 0.000000 0.000000 0.000000 1.000000
0.996473 -0.083840 0.003464 33.875999 -0.072861 -0.844031 0.531322 85.117577 -0.041622 -0.529701 -0.847163 251.058990 0.000000 0.000000 0.000000 1.000000
0.995539 -0.094332 0.001973 36.018341 -0.075376 -0.782559 0.617997 83.128586 -0.056753 -0.615389 -0.786178 254.079742 0.000000 0.000000 0.000000 1.000000
0.994675 -0.091937 -0.046570 37.375019 -0.035716 -0.731387 0.681026 80.607422 -0.096672 -0.675737 -0.730777 258.339569 0.000000 0.000000 0.000000 1.000000
0.989714 -0.091430 -0.110031 37.742138 0.011826 -0.714204 0.699837 77.542122 -0.142571 -0.693940 -0.705777 262.376038 0.000000 0.000000 0.000000 1.000000
0.987608 -0.105255 -0.116409 37.861244 0.003166 -0.728234 0.685321 74.138000 -0.156907 -0.677197 -0.718877 264.775879 0.000000 0.000000 0.000000 1.000000
0.984827 -0.159315 -0.068807 38.079262 -0.076096 -0.752790 0.653848 70.161560 -0.155965 -0.638691 -0.753491 264.653015 0.000000 0.000000 0.000000 1.000000
0.972321 -0.233482 -0.008827 38.210663 -0.182897 -0.784087 0.593090 65.121445 -0.145397 -0.575059 -0.805088 263.484589 0.000000 0.000000 0.000000 1.000000
0.956017 -0.291805 0.029689 37.918537 -0.267628 -0.826402 0.495414 58.287495 -0.120029 -0.481570 -0.868150 262.955536 0.000000 0.000000 0.000000 1.000000
0.948943 -0.313666 0.033493 37.346317 -0.298749 -0.859537 0.414664 49.617596 -0.101278 -0.403498 -0.909358 263.828583 0.000000 0.000000 0.000000 1.000000
0.950046 -0.312106 0.001769 36.895954 -0.281082 -0.853117 0.439526 40.616215 -0.135670 -0.418067 -0.898228 265.801178 0.000000 0.000000 0.000000 1.000000
0.948271 -0.314978 -0.039630 36.755440 -0.237952 -0.787848 0.568045 33.404427 -0.210144 -0.529230 -0.822043 268.065948 0.000000 0.000000 0.000000 1.000000
0.940680 -0.332875 -0.065697 36.749317 -0.191238 -0.680102 0.707735 28.413719 -0.280268 -0.653188 -0.703417 269.964691 0.000000 0.000000 0.000000 1.000000
0.929625 -0.359481 -0.081066 36.719891 -0.149039 -0.567956 0.809453 24.236881 -0.337025 -0.740405 -0.581562 271.404144 0.000000 0.000000 0.000000 1.000000
0.916191 -0.390078 -0.091834 36.815304 -0.105157 -0.455146 0.884185 20.308186 -0.386699 -0.800426 -0.458020 272.680328 0.000000 0.000000 0.000000 1.000000
0.901698 -0.423707 -0.086099 37.116848 -0.069509 -0.338601 0.938359 17.612778 -0.426742 -0.840132 -0.334767 273.742798 0.000000 0.000000 0.000000 1.000000
0.887198 -0.458338 -0.052969 37.494896 -0.066415 -0.240471 0.968381 16.837551 -0.456584 -0.855628 -0.243786 274.114563 0.000000 0.000000 0.000000 1.000000
0.872179 -0.489174 -0.003622 37.873196 -0.100698 -0.186777 0.977228 17.425671 -0.478711 -0.851952 -0.212162 273.618378 0.000000 0.000000 0.000000 1.000000
0.857659 -0.512963 0.035912 38.293438 -0.150409 -0.183468 0.971451 18.417313 -0.491729 -0.838575 -0.234507 272.568207 0.000000 0.000000 0.000000 1.000000
0.843512 -0.534379 0.054093 38.719681 -0.198388 -0.216389 0.955938 19.419518 -0.499128 -0.817077 -0.288542 271.273224 0.000000 0.000000 0.000000 1.000000
0.826598 -0.560101 0.054987 39.023838 -0.245770 -0.271350 0.930573 20.623201 -0.506293 -0.782724 -0.361954 269.706543 0.000000 0.000000 0.000000 1.000000
0.811269 -0.583859 0.030849 39.088600 -0.290620 -0.356907 0.887782 22.395649 -0.507329 -0.729195 -0.459229 267.673584 0.000000 0.000000 0.000000 1.000000
0.808297 -0.587304 -0.041593 38.926117 -0.312303 -0.487559 0.815324 24.768078 -0.499122 -0.646035 -0.577509 265.222382 0.000000 0.000000 0.000000 1.000000
0.814831 -0.556104 -0.163701 38.720749 -0.299244 -0.645359 0.702826 27.438795 -0.496490 -0.523698 -0.692270 262.688446 0.000000 0.000000 0.000000 1.000000
0.817883 -0.488980 -0.303258 38.614250 -0.265206 -0.788098 0.555489 30.071297 -0.510620 -0.373900 -0.774252 260.266876 0.000000 0.000000 0.000000 1.000000
0.814256 -0.398059 -0.422535 38.534225 -0.227429 -0.888435 0.398698 32.360477 -0.534100 -0.228545 -0.813944 257.863922 0.000000 0.000000 0.000000 1.000000
0.806848 -0.305829 -0.505436 38.345715 -0.192953 -0.945074 0.263825 34.148060 -0.558360 -0.115341 -0.821542 255.473389 0.000000 0.000000 0.000000 1.000000
0.795458 -0.238882 -0.556940 38.134411 -0.163545 -0.969551 0.182273 35.508125 -0.583524 -0.053905 -0.810305 253.429733 0.000000 0.000000 0.000000 1.000000
0.780410 -0.219594 -0.585439 38.180710 -0.135344 -0.973429 0.184709 36.470398 -0.610444 -0.064913 -0.789395 252.156784 0.000000 0.000000 0.000000 1.000000
0.765413 -0.255598 -0.590604 38.567913 -0.099040 -0.953595 0.284336 36.838299 -0.635873 -0.159141 -0.755208 251.679550 0.000000 0.000000 0.000000 1.000000
0.752896 -0.329322 -0.569820 38.927608 -0.050713 -0.892259 0.448666 36.541714 -0.656183 -0.308902 -0.688479 251.490967 0.000000 0.000000 0.000000 1.000000
0.742186 -0.398965 -0.538505 38.583500 0.004921 -0.800240 0.599660 36.178314 -0.670176 -0.447709 -0.591963 250.922226 0.000000 0.000000 0.000000 1.000000
0.733565 -0.421074 -0.533459 37.010330 0.068236 -0.735339 0.674255 37.404648 -0.676185 -0.531011 -0.510687 249.599884 0.000000 0.000000 0.000000 1.000000
0.727298 -0.389553 -0.565054 34.497055 0.131516 -0.728946 0.671820 41.503075 -0.673603 -0.562927 -0.478928 248.131714 0.000000 0.000000 0.000000 1.000000
0.717872 -0.347911 -0.603008 32.072021 0.180195 -0.743795 0.643660 47.668400 -0.672451 -0.570724 -0.471258 247.734116 0.000000 0.000000 0.000000 1.000000
0.706802 -0.355263 -0.611735 30.109158 0.196266 -0.732323 0.652061 54.169735 -0.679640 -0.580940 -0.447881 248.952255 0.000000 0.000000 0.000000 1.000000
0.686892 -0.427389 -0.587808 27.894938 0.185550 -0.678870 0.710427 59.730701 -0.702674 -0.597055 -0.387008 250.968948 0.000000 0.000000 0.000000 1.000000
0.651851 -0.533280 -0.539169 25.500633 0.183410 -0.579008 0.794424 64.866592 -0.735834 -0.616735 -0.279618 253.500916 0.000000 0.000000 0.000000 1.000000
0.611429 -0.644390 -0.459256 23.823071 0.205416 -0.431230 0.878547 69.268120 -0.764172 -0.631508 -0.131299 256.833954 0.000000 0.000000 0.000000 1.000000
0.581152 -0.740702 -0.337080 23.340912 0.215479 -0.259366 0.941434 72.393883 -0.784749 -0.619750 0.008875 260.772705 0.000000 0.000000 0.000000 1.000000
0.564232 -0.805852 -0.179568 24.333851 0.169367 -0.099894 0.980477 74.003159 -0.808057 -0.583630 0.080122 264.793915 0.000000 0.000000 0.000000 1.000000
0.547635 -0.836636 -0.011671 26.863144 0.095358 0.048548 0.994259 73.572609 -0.831266 -0.545604 0.106366 268.687256 0.000000 0.000000 0.000000 1.000000
0.535595 -0.830938 0.150598 30.205885 0.059191 0.214834 0.974855 71.265327 -0.842398 -0.513213 0.164248 272.204651 0.000000 0.000000 0.000000 1.000000
0.538547 -0.784649 0.307071 33.271610 0.079016 0.409860 0.908720 67.877731 -0.838882 -0.465125 0.282729 275.449677 0.000000 0.000000 0.000000 1.000000
0.543482 -0.706106 0.453917 35.148285 0.118226 0.599749 0.791406 63.818127 -0.831053 -0.376451 0.409433 278.431885 0.000000 0.000000 0.000000 1.000000
0.526460 -0.627343 0.573830 35.631645 0.155024 0.734452 0.660718 59.096718 -0.835947 -0.258884 0.483913 281.117035 0.000000 0.000000 0.000000 1.000000
0.493028 -0.566727 0.660109 34.952785 0.196622 0.811685 0.550006 54.454174 -0.847504 -0.141376 0.511614 283.747559 0.000000 0.000000 0.000000 1.000000
0.475929 -0.491952 0.729023 33.602566 0.240796 0.870136 0.429977 51.377602 -0.845877 -0.029092 0.532583 286.430817 0.000000 0.000000 0.000000 1.000000
0.491676 -0.367178 0.789579 32.127594 0.275043 0.925816 0.259261 50.495132 -0.826200 0.089695 0.556191 288.826782 0.000000 0.000000 0.000000 1.000000
0.521215 -0.214561 0.826014 30.758825 0.292858 0.954076 0.063032 51.105309 -0.801604 0.209051 0.560115 290.714081 0.000000 0.000000 0.000000 1.000000
0.542476 -0.090728 0.835158 29.394766 0.308291 0.946288 -0.097450 52.543545 -0.781458 0.310335 0.541308 292.381866 0.000000 0.000000 0.000000 1.000000
0.552387 -0.016120 0.833432 27.960138 0.333857 0.920401 -0.203473 54.821930 -0.763812 0.390643 0.513799 294.325714 0.000000 0.000000 0.000000 1.000000
0.553215 0.030716 0.832472 26.489546 0.362536 0.890846 -0.273791 57.916267 -0.750014 0.453266 0.481694 296.732513 0.000000 0.000000 0.000000 1.000000
0.548320 0.069738 0.833356 24.864325 0.382722 0.865107 -0.324213 61.527248 -0.743551 0.496716 0.447665 299.412933 0.000000 0.000000 0.000000 1.000000
0.550125 0.106160 0.828307 22.838650 0.383445 0.849029 -0.363483 65.176208 -0.741844 0.517571 0.426366 301.973022 0.000000 0.000000 0.000000 1.000000
0.571565 0.144537 0.807726 20.413992 0.353515 0.844951 -0.401354 68.355637 -0.740500 0.514943 0.431849 304.061096 0.000000 0.000000 0.000000 1.000000
0.608258 0.191229 0.770360 17.969202 0.290484 0.849585 -0.440254 70.833481 -0.738675 0.491565 0.461218 305.705475 0.000000 0.000000 0.000000 1.000000
0.646466 0.239460 0.724390 15.683319 0.212974 0.855085 -0.472727 72.656334 -0.732615 0.459878 0.501785 307.473450 0.000000 0.000000 0.000000 1.000000
0.684098 0.267690 0.678493 13.705503 0.154089 0.856185 -0.493158 73.981934 -0.712929 0.441916 0.544466 310.165955 0.000000 0.000000 0.000000 1.000000
0.729781 0.267803 0.629048 11.972094 0.120585 0.855247 -0.503997 75.140121 -0.672962 0.443661 0.591850 313.917053 0.000000 0.000000 0.000000 1.000000
0.784363 0.250112 0.567643 10.436700 0.096159 0.855018 -0.509605 76.256805 -0.612804 0.454299 0.646594 317.962097 0.000000 0.000000 0.000000 1.000000
0.839317 0.223964 0.495366 9.035612 0.072551 0.856902 -0.510348 77.459496 -0.538780 0.464283 0.702964 322.402740 0.000000 0.000000 0.000000 1.000000
0.889835 0.194585 0.412711 7.734355 0.044388 0.863301 -0.502733 78.612030 -0.454118 0.465669 0.759559 327.808716 0.000000 0.000000 0.000000 1.000000
0.933870 0.166338 0.316574 6.603554 0.007404 0.876057 -0.482150 79.818558 -0.357537 0.452609 0.816892 334.703979 0.000000 0.000000 0.000000 1.000000
0.967837 0.137481 0.210693 5.601467 -0.029608 0.893903 -0.447281 81.488419 -0.249832 0.426657 0.869223 343.056610 0.000000 0.000000 0.000000 1.000000
0.987809 0.108282 0.111842 4.580293 -0.054378 0.913204 -0.403859 83.462753 -0.145865 0.392854 0.907959 351.815521 0.000000 0.000000 0.000000 1.000000
0.996259 0.077820 0.037579 3.301594 -0.059132 0.930979 -0.360252 85.356949 -0.063020 0.356682 0.932098 360.483582 0.000000 0.000000 0.000000 1.000000
0.998766 0.046276 -0.018054 1.809679 -0.049619 0.946423 -0.319096 87.136497 0.002320 0.319598 0.947551 369.196564 0.000000 0.000000 0.000000 1.000000
0.997354 0.012659 -0.071581 0.262160 -0.032222 0.959679 -0.279244 88.922134 0.065160 0.280812 0.957548 378.307037 0.000000 0.000000 0.000000 1.000000</float_array>
        <technique_common>
          <accessor source="#mixamorig_Hips-Matrix-animation-output-transform-array" count="97" stride="16">
            <param type="float4x4"/>
          </accessor>
        </technique_common>
      </source>
      <source id="mixamorig_Hips-Interpolations">
        <Name_array id="mixamorig_Hips-Interpolations-array" count="97">
 LINEAR LINEAR LINEAR LINEAR LINEAR LINEAR LINEAR LINEAR LINEAR LINEAR LINEAR
LINEAR LINEAR LINEAR LINEAR LINEAR LINEAR LINEAR LINEAR LINEAR LINEAR LINEAR LINEAR
LINEAR LINEAR LINEAR LINEAR LINEAR LINEAR LINEAR LINEAR LINEAR LINEAR LINEAR LINEAR
LINEAR LINEAR LINEAR LINEAR LINEAR LINEAR LINEAR LINEAR LINEAR LINEAR LINEAR LINEAR
LINEAR LINEAR LINEAR LINEAR LINEAR LINEAR LINEAR LINEAR LINEAR LINEAR LINEAR LINEAR
LINEAR LINEAR LINEAR LINEAR LINEAR LINEAR LINEAR LINEAR LINEAR LINEAR LINEAR LINEAR
LINEAR LINEAR LINEAR LINEAR LINEAR LINEAR LINEAR LINEAR LINEAR LINEAR LINEAR LINEAR
LINEAR LINEAR LINEAR LINEAR LINEAR LINEAR LINEAR LINEAR LINEAR LINEAR LINEAR LINEAR
LINEAR LINEAR</Name_array>
        <technique_common>
          <accessor source="#mixamorig_Hips-Interpolations-array" count="97">
            <param type="name"/>
          </accessor>
        </technique_common>
      </source>
      <sampler id="mixamorig_Hips-Matrix-animation-transform">
        <input semantic="INPUT" source="#mixamorig_Hips-Matrix-animation-input"/>
        <input semantic="OUTPUT" source="#mixamorig_Hips-Matrix-animation-output-transform"/>
        <input semantic="INTERPOLATION" source="#mixamorig_Hips-Interpolations"/>
      </sampler>
      <channel source="#mixamorig_Hips-Matrix-animation-transform" target="mixamorig_Hips/matrix"/>
    </animation>
    <animation id="mixamorig_Spine-anim" name="mixamorig_Spine">
      <source id="mixamorig_Spine-Matrix-animation-input">
        <float_array id="mixamorig_Spine-Matrix-animation-input-array" count="97">

0.000000 0.033333 0.066667 0.100000 0.133333 0.166667 0.200000 0.233333 0.266667 0.300000 0.333333 0.366667 0.400000 0.433333 0.466667 0.500000
0.533333 0.566667 0.600000 0.633333 0.666667 0.700000 0.733333 0.766667 0.800000 0.833333 0.866667 0.900000 0.933333 0.966667 1.000000 1.033333
1.066667 1.100000 1.133333 1.166667 1.200000 1.233333 1.266667 1.300000 1.333333 1.366667 1.400000 1.433333 1.466667 1.500000 1.533333 1.566667
1.600000 1.633333 1.666667 1.700000 1.733333 1.766667 1.800000 1.833333 1.866667 1.900000 1.933333 1.966667 2.000000 2.033333 2.066667 2.100000
2.133333 2.166667 2.200000 2.233333 2.266667 2.300000 2.333333 2.366667 2.400000 2.433333 2.466667 2.500000 2.533333 2.566667 2.600000 2.633333
2.666667 2.700000 2.733333 2.766667 2.800000 2.833333 2.866667 2.900000 2.933333 2.966667 3.000000 3.033333 3.066667 3.100000 3.133333 3.166667
3.200000</float_array>
        <technique_common>
          <accessor source="#mixamorig_Spine-Matrix-animation-input-array" count="97">
            <param name="TIME" type="float"/>
          </accessor>
        </technique_common>
      </source>
      <source id="mixamorig_Spine-Matrix-animation-output-transform">
        <float_array id="mixamorig_Spine-Matrix-animation-output-transform-array" count="1552">

0.999986 -0.005252 0.001165 0.000000 0.005097 0.994250 0.106958 10.182400 -0.001720 -0.106950 0.994263 0.000000 0.000000 0.000000 0.000000 1.000000
0.999429 0.030391 0.014747 -0.000000 -0.031995 0.991683 0.124660 10.182400 -0.010836 -0.125061 0.992090 -0.000000 0.000000 0.000000 0.000000 1.000000
0.996775 0.075421 0.027428 0.000000 -0.078479 0.987506 0.136646 10.182400 -0.016780 -0.138358 0.990240 0.000000 0.000000 0.000000 0.000000 1.000000
0.993351 0.108963 0.037146 0.000000 -0.113123 0.983752 0.139410 10.182400 -0.021352 -0.142686 0.989538 -0.000000 0.000000 0.000000 0.000000 1.000000
0.991573 0.123422 0.039369 0.000000 -0.127640 0.982734 0.133945 10.182400 -0.022158 -0.137841 0.990206 -0.000000 0.000000 0.000000 0.000000 1.000000
0.992855 0.114045 0.035119 0.000000 -0.117616 0.984959 0.126580 10.182400 -0.020155 -0.129806 0.991335 0.000000 0.000000 0.000000 0.000000 1.000000
0.995378 0.091648 0.028691 0.000000 -0.094490 0.987999 0.122183 10.182400 -0.017149 -0.124330 0.992093 0.000000 0.000000 0.000000 0.000000 1.000000
0.997507 0.066864 0.022561 -0.000000 -0.069100 0.990357 0.120080 10.182400 -0.014315 -0.121339 0.992508 0.000000 0.000000 0.000000 0.000000 1.000000
0.998927 0.043026 0.017117 0.000000 -0.044742 0.992078 0.117381 10.182400 -0.011931 -0.118021 0.992939 -0.000000 0.000000 0.000000 0.000000 1.000000
0.999644 0.024259 0.011093 0.000000 -0.025365 0.993186 0.113742 10.182400 -0.008258 -0.113983 0.993448 -0.000000 0.000000 0.000000 0.000000 1.000000
0.999911 0.011484 0.006745 0.000000 -0.012153 0.993925 0.109382 10.182400 -0.005447 -0.109455 0.993977 -0.000000 0.000000 0.000000 0.000000 1.000000
0.999979 0.003078 0.005698 0.000000 -0.003644 0.994749 0.102284 10.182400 -0.005353 -0.102303 0.994739 0.000000 0.000000 0.000000 0.000000 1.000000
0.999958 -0.004305 0.008070 0.000000 0.003538 0.995687 0.092707 10.182400 -0.008434 -0.092674 0.995661 -0.000000 0.000000 0.000000 0.000000 1.000000
0.999807 -0.012082 0.015462 0.000000 0.010699 0.996190 0.086555 10.182400 -0.016448 -0.086373 0.996127 0.000000 0.000000 0.000000 0.000000 1.000000
0.999496 -0.017749 0.026332 0.000000 0.015370 0.996006 0.087953 10.182400 -0.027787 -0.087504 0.995777 0.000000 0.000000 0.000000 0.000000 1.000000
0.999227 -0.019448 0.034164 0.000000 0.016224 0.995604 0.092244 10.182400 -0.035808 -0.091619 0.995150 0.000000 0.000000 0.000000 0.000000 1.000000
0.999211 -0.018747 0.035018 -0.000000 0.015402 0.995506 0.093440 10.182400 -0.036613 -0.092827 0.995009 0.000000 0.000000 0.000000 0.000000 1.000000
0.999248 -0.020109 0.033144 0.000000 0.016925 0.995456 0.093705 10.182400 -0.034878 -0.093074 0.995048 0.000000 0.000000 0.000000 0.000000 1.000000
0.999099 -0.026931 0.032796 0.000000 0.023598 0.994899 0.098078 10.182400 -0.035270 -0.097215 0.994638 0.000000 0.000000 0.000000 0.000000 1.000000
0.998963 -0.035123 0.028974 0.000000 0.031908 0.993981 0.104803 10.182400 -0.032481 -0.103770 0.994071 0.000000 0.000000 0.000000 0.000000 1.000000
0.998913 -0.040517 0.023060 0.000000 0.037798 0.993421 0.108105 10.182400 -0.027288 -0.107116 0.993872 0.000000 0.000000 0.000000 0.000000 1.000000
0.998898 -0.041077 0.022715 -0.000000 0.038433 0.993558 0.106605 10.182400 -0.026948 -0.105615 0.994042 0.000000 0.000000 0.000000 0.000000 1.000000
0.998980 -0.035975 0.027273 -0.000000 0.032953 0.994017 0.104133 10.182400 -0.030856 -0.103128 0.994189 -0.000000 0.000000 0.000000 0.000000 1.000000
0.999241 -0.024055 0.030629 0.000000 0.020739 0.994327 0.104320 10.182400 -0.032965 -0.103606 0.994072 0.000000 0.000000 0.000000 0.000000 1.000000
0.999511 -0.007217 0.030440 -0.000000 0.003891 0.994150 0.107938 10.182400 -0.031041 -0.107766 0.993692 -0.000000 0.000000 0.000000 0.000000 1.000000
0.999559 0.008695 0.028382 0.000000 -0.011871 0.993440 0.113737 10.182400 -0.027207 -0.114024 0.993105 0.000000 0.000000 0.000000 0.000000 1.000000
0.999458 0.020342 0.025880 0.000000 -0.023286 0.992613 0.119069 10.182400 -0.023267 -0.119607 0.992549 0.000000 0.000000 0.000000 0.000000 1.000000
0.999303 0.029630 0.022708 0.000000 -0.032177 0.992068 0.121514 10.182400 -0.018927 -0.122160 0.992330 0.000000 0.000000 0.000000 0.000000 1.000000
0.999464 0.030394 0.012153 0.000000 -0.031656 0.991957 0.122554 10.182400 -0.008330 -0.122874 0.992387 0.000000 0.000000 0.000000 0.000000 1.000000
0.999787 0.018959 -0.008113 0.000000 -0.017791 0.991929 0.125539 10.182400 0.010428 -0.125367 0.992056 0.000000 0.000000 0.000000 0.000000 1.000000
0.999618 -0.006645 -0.026839 0.000000 0.010016 0.991787 0.127505 10.182400 0.025771 -0.127725 0.991475 0.000000 0.000000 0.000000 0.000000 1.000000
0.999030 -0.034713 -0.027078 0.000000 0.037730 0.992021 0.120292 10.182400 0.022686 -0.121197 0.992369 -0.000000 0.000000 0.000000 0.000000 1.000000
0.998532 -0.052079 -0.014899 -0.000000 0.053350 0.993153 0.103930 10.182400 0.009385 -0.104572 0.994473 0.000000 0.000000 0.000000 0.000000 1.000000
0.997653 -0.065815 -0.018869 0.000000 0.067270 0.993556 0.091223 10.182400 0.012744 -0.092278 0.995652 -0.000000 0.000000 0.000000 0.000000 1.000000
0.998166 -0.055833 -0.023380 0.000000 0.057634 0.994698 0.085173 10.182400 0.018501 -0.086364 0.996092 0.000000 0.000000 0.000000 0.000000 1.000000
0.999659 -0.017667 -0.019240 -0.000000 0.018598 0.998608 0.049357 10.182400 0.018341 -0.049698 0.998596 0.000000 0.000000 0.000000 0.000000 1.000000
0.999508 0.028019 -0.014108 0.000000 -0.028872 0.997502 -0.064466 10.182400 0.012267 0.064841 0.997820 -0.000000 0.000000 0.000000 0.000000 1.000000
0.998662 0.047947 -0.019353 0.000000 -0.051162 0.970467 -0.235748 10.182400 0.007478 0.236423 0.971622 0.000000 0.000000 0.000000 0.000000 1.000000
0.998771 0.040092 -0.029155 0.000000 -0.048024 0.928368 -0.368546 10.182400 0.012291 0.369493 0.929152 0.000000 0.000000 0.000000 0.000000 1.000000
0.999201 0.024619 -0.031494 0.000000 -0.035215 0.914952 -0.402023 10.182400 0.018918 0.402811 0.915088 0.000000 0.000000 0.000000 0.000000 1.000000
0.999613 0.013892 -0.024118 -0.000000 -0.021821 0.929063 -0.369276 10.182400 0.017277 0.369660 0.929007 0.000000 0.000000 0.000000 0.000000 1.000000
0.999821 0.011334 -0.015178 0.000000 -0.015700 0.944127 -0.329208 10.182400 0.010599 0.329387 0.944135 0.000000 0.000000 0.000000 0.000000 1.000000
0.999824 0.015977 -0.009788 0.000000 -0.018132 0.956677 -0.290586 10.182400 0.004721 0.290713 0.956799 0.000000 0.000000 0.000000 0.000000 1.000000
0.999744 0.021629 -0.006686 0.000000 -0.022591 0.972338 -0.232483 10.182400 0.001473 0.232575 0.972577 0.000000 0.000000 0.000000 0.000000 1.000000
0.999720 0.022996 -0.005602 -0.000000 -0.023586 0.987705 -0.154543 10.182400 0.001979 0.154632 0.987970 -0.000000 0.000000 0.000000 0.000000 1.000000
0.999747 0.020495 -0.009266 0.000000 -0.021190 0.996369 -0.082459 10.182400 0.007543 0.082634 0.996551 -0.000000 0.000000 0.000000 0.000000 1.000000
0.999688 0.017313 -0.017983 -0.000000 -0.018054 0.998957 -0.041934 10.182400 0.017239 0.042246 0.998959 -0.000000 0.000000 0.000000 0.000000 1.000000
0.999486 0.014314 -0.028690 0.000000 -0.015320 0.999263 -0.035185 10.182400 0.028165 0.035606 0.998969 -0.000000 0.000000 0.000000 0.000000 1.000000
0.999301 0.009944 -0.036029 0.000000 -0.011633 0.998828 -0.046978 10.182400 0.035520 0.047364 0.998246 0.000000 0.000000 0.000000 0.000000 1.000000
0.999205 0.003807 -0.039694 0.000000 -0.006687 0.997332 -0.072693 10.182400 0.039311 0.072900 0.996564 0.000000 0.000000 0.000000 0.000000 1.000000
0.999171 -0.002081 -0.040669 0.000000 -0.002937 0.992408 -0.122956 10.182400 0.040616 0.122974 0.991578 -0.000000 0.000000 0.000000 0.000000 1.000000
0.999201 -0.005938 -0.039515 0.000000 -0.002022 0.980116 -0.198414 10.182400 0.039907 0.198336 0.979321 0.000000 0.000000 0.000000 0.000000 1.000000
0.999270 -0.008817 -0.037167 0.000000 -0.002028 0.959380 -0.282109 10.182400 0.038144 0.281978 0.958662 0.000000 0.000000 0.000000 0.000000 1.000000
0.999301 -0.012828 -0.035104 0.000000 -0.000503 0.934552 -0.355826 10.182400 0.037371 0.355595 0.933893 0.000000 0.000000 0.000000 0.000000 1.000000
0.999228 -0.018328 -0.034736 0.000000 0.002559 0.912945 -0.408075 10.182400 0.039191 0.407671 0.912287 -0.000000 0.000000 0.000000 0.000000 1.000000
0.999100 -0.024274 -0.034777 -0.000000 0.007027 0.903419 -0.428702 10.182400 0.041824 0.428072 0.902777 0.000000 0.000000 0.000000 0.000000 1.000000
0.999026 -0.030661 -0.031747 0.000000 0.015136 0.913695 -0.406120 10.182400 0.041460 0.405243 0.913268 0.000000 0.000000 0.000000 0.000000 1.000000
0.998970 -0.038576 -0.023890 -0.000000 0.028409 0.942285 -0.333606 10.182400 0.035380 0.332583 0.942410 0.000000 0.000000 0.000000 0.000000 1.000000
0.998781 -0.047371 -0.013876 0.000000 0.043169 0.974582 -0.219831 10.182400 0.023937 0.218964 0.975439 0.000000 0.000000 0.000000 0.000000 1.000000
0.998543 -0.053511 -0.006991 0.000000 0.052610 0.994113 -0.094718 10.182400 0.012018 0.094212 0.995480 0.000000 0.000000 0.000000 0.000000 1.000000
0.998324 -0.057827 -0.002376 0.000000 0.057835 0.998320 0.003585 10.182400 0.002164 -0.003717 0.999991 0.000000 0.000000 0.000000 0.000000 1.000000
0.997783 -0.066331 -0.005348 0.000000 0.066532 0.995989 0.059829 10.182400 0.001358 -0.060052 0.998194 0.000000 0.000000 0.000000 0.000000 1.000000
0.996259 -0.084511 -0.018054 0.000000 0.085855 0.991738 0.095317 10.182400 0.009850 -0.096510 0.995283 0.000000 0.000000 0.000000 0.000000 1.000000
0.993808 -0.103926 -0.039309 0.000000 0.108495 0.983973 0.141511 10.182400 0.023972 -0.144900 0.989156 0.000000 0.000000 0.000000 0.000000 1.000000
0.992367 -0.109849 -0.056043 -0.000000 0.119183 0.971035 0.207090 10.182400 0.031671 -0.212188 0.976715 0.000000 0.000000 0.000000 0.000000 1.000000
0.992935 -0.104695 -0.055856 0.000000 0.116197 0.953317 0.278719 10.182400 0.024068 -0.283240 0.958747 -0.000000 0.000000 0.000000 0.000000 1.000000
0.994908 -0.094353 -0.035439 0.000000 0.100783 0.934917 0.340255 10.182400 0.001028 -0.342094 0.939665 0.000000 0.000000 0.000000 0.000000 1.000000
0.996744 -0.080361 -0.006560 0.000000 0.076920 0.923364 0.376140 10.182400 -0.024170 -0.375420 0.926540 0.000000 0.000000 0.000000 0.000000 1.000000
0.998010 -0.062749 0.006237 0.000000 0.055847 0.925479 0.374658 10.182400 -0.029281 -0.373564 0.927142 0.000000 0.000000 0.000000 0.000000 1.000000
0.998946 -0.045826 -0.002566 0.000000 0.043966 0.939358 0.340109 10.182400 -0.013175 -0.339863 0.940383 0.000000 0.000000 0.000000 0.000000 1.000000
0.999012 -0.038424 -0.022325 0.000000 0.043272 0.955498 0.291807 10.182400 0.010119 -0.292484 0.956217 0.000000 0.000000 0.000000 0.000000 1.000000
0.998712 -0.039634 -0.031683 0.000000 0.046258 0.967790 0.247473 10.182400 0.020854 -0.248620 0.968377 0.000000 0.000000 0.000000 0.000000 1.000000
0.998958 -0.037849 -0.025490 -0.000000 0.042334 0.977193 0.208089 10.182400 0.017032 -0.208951 0.977778 0.000000 0.000000 0.000000 0.000000 1.000000
0.999548 -0.025547 -0.015863 -0.000000 0.027767 0.986601 0.160773 10.182400 0.011543 -0.161141 0.986864 0.000000 0.000000 0.000000 0.000000 1.000000
0.999961 -0.005017 -0.007305 0.000000 0.005733 0.994814 0.101550 10.182400 0.006758 -0.101588 0.994804 0.000000 0.000000 0.000000 0.000000 1.000000
0.999879 0.015515 0.001061 -0.000000 -0.015547 0.998841 0.045541 10.182400 -0.000353 -0.045552 0.998962 0.000000 0.000000 0.000000 0.000000 1.000000
0.999556 0.028837 0.007522 0.000000 -0.028876 0.999569 0.005197 10.182400 -0.007369 -0.005412 0.999958 0.000000 0.000000 0.000000 0.000000 1.000000
0.999311 0.035640 0.010394 0.000000 -0.035349 0.999011 -0.026958 10.182400 -0.011345 0.026572 0.999583 -0.000000 0.000000 0.000000 0.000000 1.000000
0.999030 0.042146 0.012787 -0.000000 -0.041263 0.997168 -0.062883 10.182400 -0.015402 0.062295 0.997939 0.000000 0.000000 0.000000 0.000000 1.000000
0.998634 0.049399 0.017037 0.000000 -0.047472 0.993927 -0.099273 10.182400 -0.021838 0.098328 0.994914 0.000000 0.000000 0.000000 0.000000 1.000000
0.998471 0.051048 0.021193 0.000000 -0.048075 0.991273 -0.122742 10.182400 -0.027273 0.121536 0.992212 0.000000 0.000000 0.000000 0.000000 1.000000
0.998724 0.046000 0.020839 -0.000000 -0.043008 0.991040 -0.126451 10.182400 -0.026469 0.125393 0.991754 -0.000000 0.000000 0.000000 0.000000 1.000000
0.999164 0.038257 0.014381 0.000000 -0.036371 0.992803 -0.114100 10.182400 -0.018642 0.113481 0.993365 0.000000 0.000000 0.000000 0.000000 1.000000
0.999559 0.029239 0.005166 -0.000000 -0.028641 0.995360 -0.091862 10.182400 -0.007828 0.091674 0.995758 0.000000 0.000000 0.000000 0.000000 1.000000
0.999855 0.016535 -0.003952 -0.000000 -0.016754 0.997815 -0.063914 10.182400 0.002887 0.063971 0.997948 -0.000000 0.000000 0.000000 0.000000 1.000000
0.999895 0.001755 -0.014373 0.000000 -0.002270 0.999351 -0.035944 10.182400 0.014301 0.035973 0.999250 0.000000 0.000000 0.000000 0.000000 1.000000
0.999494 -0.006885 -0.031065 -0.000000 0.006372 0.999842 -0.016602 10.182400 0.031174 0.016396 0.999379 0.000000 0.000000 0.000000 0.000000 1.000000
0.998624 -0.012855 -0.050846 0.000000 0.012280 0.999857 -0.011609 10.182400 0.050988 0.010969 0.998639 0.000000 0.000000 0.000000 0.000000 1.000000
0.997518 -0.023284 -0.066454 0.000000 0.022016 0.999563 -0.019748 10.182400 0.066885 0.018236 0.997594 -0.000000 0.000000 0.000000 0.000000 1.000000
0.996403 -0.034459 -0.077423 -0.000000 0.031576 0.998773 -0.038156 10.182400 0.078643 0.035574 0.996268 0.000000 0.000000 0.000000 0.000000 1.000000
0.995605 -0.045604 -0.081800 0.000000 0.039813 0.996676 -0.071082 10.182400 0.084770 0.067513 0.994111 0.000000 0.000000 0.000000 0.000000 1.000000
0.995134 -0.061782 -0.076753 -0.000000 0.051751 0.990624 -0.126434 10.182400 0.083845 0.121846 0.989001 0.000000 0.000000 0.000000 0.000000 1.000000
0.995230 -0.076334 -0.060742 0.000000 0.062709 0.977569 -0.201061 10.182400 0.074727 0.196293 0.977694 0.000000 0.000000 0.000000 0.000000 1.000000
0.996447 -0.077064 -0.033988 0.000000 0.064576 0.958077 -0.279138 10.182400 0.054075 0.275951 0.959649 0.000000 0.000000 0.000000 0.000000 1.000000
0.998443 -0.055756 -0.001697 0.000000 0.051679 0.936034 -0.348095 10.182400 0.020997 0.347465 0.937458 -0.000000 0.000000 0.000000 0.000000 1.000000
0.999249 -0.016732 0.034959 0.000000 0.029579 0.912100 -0.408900 10.182400 -0.025045 0.409626 0.911910 0.000000 0.000000 0.000000 0.000000 1.000000
0.996834 0.030785 0.073313 0.000000 0.007163 0.883493 -0.468390 10.182400 -0.079191 0.467432 0.880475 0.000000 0.000000 0.000000 0.000000 1.000000</float_array>
        <technique_common>
          <accessor source="#mixamorig_Spine-Matrix-animation-output-transform-array" count="97" stride="16">
            <param type="float4x4"/>
          </accessor>
        </technique_common>
      </source>
      <source id="mixamorig_Spine-Interpolations">
        <Name_array id="mixamorig_Spine-Interpolations-array" count="97">
 LINEAR LINEAR LINEAR LINEAR LINEAR LINEAR LINEAR LINEAR LINEAR LINEAR LINEAR
LINEAR LINEAR LINEAR LINEAR LINEAR LINEAR LINEAR LINEAR LINEAR LINEAR LINEAR LINEAR
LINEAR LINEAR LINEAR LINEAR LINEAR LINEAR LINEAR LINEAR LINEAR LINEAR LINEAR LINEAR
LINEAR LINEAR LINEAR LINEAR LINEAR LINEAR LINEAR LINEAR LINEAR LINEAR LINEAR LINEAR
LINEAR LINEAR LINEAR LINEAR LINEAR LINEAR LINEAR LINEAR LINEAR LINEAR LINEAR LINEAR
LINEAR LINEAR LINEAR LINEAR LINEAR LINEAR LINEAR LINEAR LINEAR LINEAR LINEAR LINEAR
LINEAR LINEAR LINEAR LINEAR LINEAR LINEAR LINEAR LINEAR LINEAR LINEAR LINEAR LINEAR
LINEAR LINEAR LINEAR LINEAR LINEAR LINEAR LINEAR LINEAR LINEAR LINEAR LINEAR LINEAR
LINEAR LINEAR</Name_array>
        <technique_common>
          <accessor source="#mixamorig_Spine-Interpolations-array" count="97">
            <param type="name"/>
          </accessor>
        </technique_common>
      </source>
      <sampler id="mixamorig_Spine-Matrix-animation-transform">
        <input semantic="INPUT" source="#mixamorig_Spine-Matrix-animation-input"/>
        <input semantic="OUTPUT" source="#mixamorig_Spine-Matrix-animation-output-transform"/>
        <input semantic="INTERPOLATION" source="#mixamorig_Spine-Interpolations"/>
      </sampler>
      <channel source="#mixamorig_Spine-Matrix-animation-transform" target="mixamorig_Spine/matrix"/>
    </animation>
    <animation id="mixamorig_Spine1-anim" name="mixamorig_Spine1">
      <source id="mixamorig_Spine1-Matrix-animation-input">
        <float_array id="mixamorig_Spine1-Matrix-animation-input-array" count="97">

0.000000 0.033333 0.066667 0.100000 0.133333 0.166667 0.200000 0.233333 0.266667 0.300000 0.333333 0.366667 0.400000 0.433333 0.466667 0.500000
0.533333 0.566667 0.600000 0.633333 0.666667 0.700000 0.733333 0.766667 0.800000 0.833333 0.866667 0.900000 0.933333 0.966667 1.000000 1.033333
1.066667 1.100000 1.133333 1.166667 1.200000 1.233333 1.266667 1.300000 1.333333 1.366667 1.400000 1.433333 1.466667 1.500000 1.533333 1.566667
1.600000 1.633333 1.666667 1.700000 1.733333 1.766667 1.800000 1.833333 1.866667 1.900000 1.933333 1.966667 2.000000 2.033333 2.066667 2.100000
2.133333 2.166667 2.200000 2.233333 2.266667 2.300000 2.333333 2.366667 2.400000 2.433333 2.466667 2.500000 2.533333 2.566667 2.600000 2.633333
2.666667 2.700000 2.733333 2.766667 2.800000 2.833333 2.866667 2.900000 2.933333 2.966667 3.000000 3.033333 3.066667 3.100000 3.133333 3.166667
3.200000</float_array>
        <technique_common>
          <accessor source="#mixamorig_Spine1-Matrix-animation-input-array" count="97">
            <param name="TIME" type="float"/>
          </accessor>
        </technique_common>
      </source>
      <source id="mixamorig_Spine1-Matrix-animation-output-transform">
        <float_array id="mixamorig_Spine1-Matrix-animation-output-transform-array" count="1552">

0.979084 -0.056868 0.195345 0.000000 0.076835 0.992392 -0.096200 10.002700 -0.188388 0.109197 0.976005 0.000000 0.000000 0.000000 0.000000 1.000000
0.978159 -0.040056 0.203960 -0.000000 0.054443 0.996371 -0.065423 10.002700 -0.200599 0.075098 0.976791 0.000000 0.000000 0.000000 0.000000 1.000000
0.977392 -0.007170 0.211315 0.000000 0.017494 0.998740 -0.047032 10.002700 -0.210712 0.049665 0.976286 -0.000000 0.000000 0.000000 0.000000 1.000000
0.976587 0.025222 0.213640 0.000000 -0.015619 0.998795 -0.046520 10.002700 -0.214555 0.042094 0.975804 -0.000000 0.000000 0.000000 0.000000 1.000000
0.977477 0.042484 0.206720 0.000000 -0.030146 0.997591 -0.062476 10.002700 -0.208877 0.054837 0.976403 -0.000000 0.000000 0.000000 0.000000 1.000000
0.980449 0.043040 0.192010 0.000000 -0.026888 0.995937 -0.085949 10.002700 -0.194929 0.079106 0.977622 0.000000 0.000000 0.000000 0.000000 1.000000
0.983928 0.034682 0.175165 0.000000 -0.015859 0.994053 -0.107739 10.002700 -0.177860 0.103230 0.978626 0.000000 0.000000 0.000000 0.000000 1.000000
0.986997 0.024010 0.158934 -0.000000 -0.004026 0.992163 -0.124885 10.002700 -0.160687 0.122622 0.979359 0.000000 0.000000 0.000000 0.000000 1.000000
0.989921 0.014524 0.140874 -0.000000 0.005323 0.990209 -0.139495 10.002700 -0.141520 0.138839 0.980151 0.000000 0.000000 0.000000 0.000000 1.000000
0.992859 0.008131 0.119018 0.000000 0.010359 0.988030 -0.153916 10.002700 -0.118844 0.154050 0.980890 -0.000000 0.000000 0.000000 0.000000 1.000000
0.995293 0.003630 0.096840 0.000000 0.013059 0.985160 -0.171143 10.002700 -0.096024 0.171602 0.980476 -0.000000 0.000000 0.000000 0.000000 1.000000
0.996821 -0.001852 0.079648 0.000000 0.017397 0.980663 -0.194929 10.002700 -0.077746 0.195695 0.977578 0.000000 0.000000 0.000000 0.000000 1.000000
0.997584 -0.007849 0.069028 0.000000 0.023091 0.974572 -0.222883 10.002700 -0.065524 0.223939 0.972398 0.000000 0.000000 0.000000 0.000000 1.000000
0.997848 -0.012109 0.064447 0.000000 0.027576 0.969164 -0.244869 10.002700 -0.059495 0.246119 0.967412 0.000000 0.000000 0.000000 0.000000 1.000000
0.997775 -0.015638 0.064810 0.000000 0.031714 0.966404 -0.255062 10.002700 -0.058644 0.256550 0.964750 -0.000000 0.000000 0.000000 0.000000 1.000000
0.997626 -0.019665 0.065995 0.000000 0.036218 0.964941 -0.259957 10.002700 -0.058569 0.261730 0.963362 -0.000000 0.000000 0.000000 0.000000 1.000000
