<?xml version="1.0" encoding="utf-8"?>
<COLLADA xmlns="http://www.collada.org/2005/11/COLLADASchema" version="1.4.1">
  <asset>
    <contributor>
      <author>Mixamo</author>
      <authoring_tool>COLLADA Mixamo exporter</authoring_tool>
      <comments/>
    </contributor>
    <created>2024-07-05T11:06:30Z</created>
    <modified>2024-07-05T11:06:30Z</modified>
    <revision/>
    <title/>
    <unit meter="0.010000"/>
    <up_axis>Y_UP</up_axis>
  </asset>
  <library_animations>
    <animation id="mixamorig1_Hips-anim" name="mixamorig1_Hips">
      <source id="mixamorig1_Hips-Matrix-animation-input">
        <float_array id="mixamorig1_Hips-Matrix-animation-input-array" count="133">

0.000000 0.033333 0.066667 0.100000 0.133333 0.166667 0.200000 0.233333 0.266667 0.300000 0.333333 0.366667 0.400000 0.433333 0.466667 0.500000
0.533333 0.566667 0.600000 0.633333 0.666667 0.700000 0.733333 0.766667 0.800000 0.833333 0.866667 0.900000 0.933333 0.966667 1.000000 1.033333
1.066667 1.100000 1.133333 1.166667 1.200000 1.233333 1.266667 1.300000 1.333333 1.366667 1.400000 1.433333 1.466667 1.500000 1.533333 1.566667
1.600000 1.633333 1.666667 1.700000 1.733333 1.766667 1.800000 1.833333 1.866667 1.900000 1.933333 1.966667 2.000000 2.033333 2.066667 2.100000
2.133333 2.166667 2.200000 2.233333 2.266667 2.300000 2.333333 2.366667 2.400000 2.433333 2.466667 2.500000 2.533333 2.566667 2.600000 2.633333
2.666667 2.700000 2.733333 2.766667 2.800000 2.833333 2.866667 2.900000 2.933333 2.966667 3.000000 3.033333 3.066667 3.100000 3.133333 3.166667
3.200000 3.233333 3.266667 3.300000 3.333333 3.366667 3.400000 3.433333 3.466667 3.500000 3.533333 3.566667 3.600000 3.633333 3.666667 3.700000
3.733333 3.766667 3.800000 3.833333 3.866667 3.900000 3.933333 3.966667 4.000000 4.033333 4.066667 4.100000 4.133333 4.166667 4.200000 4.233333
4.266667 4.300000 4.333333 4.366667 4.400000</float_array>
        <technique_common>
          <accessor source="#mixamorig1_Hips-Matrix-animation-input-array" count="133">
            <param name="TIME" type="float"/>
          </accessor>
        </technique_common>
      </source>
      <source id="mixamorig1_Hips-Matrix-animation-output-transform">
        <float_array id="mixamorig1_Hips-Matrix-animation-output-transform-array" count="2128">

0.983375 -0.012745 -0.181141 -0.227161 0.016729 0.999650 0.020485 97.710289 0.180816 -0.023175 0.983244 0.850427 0.000000 0.000000 0.000000 1.000000
0.983250 -0.012565 -0.181830 -0.210737 0.016720 0.999633 0.021337 97.703384 0.181495 -0.024020 0.983098 0.809201 0.000000 0.000000 0.000000 1.000000
0.983089 -0.012524 -0.182697 -0.183927 0.016837 0.999614 0.022077 97.698303 0.182350 -0.024779 0.982921 0.776052 0.000000 0.000000 0.000000 1.000000
0.983160 -0.012775 -0.182301 -0.157632 0.017211 0.999592 0.022774 97.692551 0.181936 -0.025528 0.982979 0.739331 0.000000 0.000000 0.000000 1.000000
0.983584 -0.013708 -0.179929 -0.153068 0.018668 0.999490 0.025901 97.683708 0.179482 -0.028834 0.983339 0.675711 0.000000 0.000000 0.000000 1.000000
0.984620 -0.013342 -0.174200 -0.162292 0.019566 0.999228 0.034058 97.662132 0.173611 -0.036943 0.984121 0.560326 0.000000 0.000000 0.000000 1.000000
0.986296 -0.010472 -0.164653 -0.198830 0.018725 0.998640 0.048653 97.580223 0.163919 -0.051070 0.985151 0.346150 0.000000 0.000000 0.000000 1.000000
0.988406 -0.007710 -0.151640 -0.231771 0.018417 0.997424 0.069328 97.270309 0.150715 -0.071317 0.986001 -0.054165 0.000000 0.000000 0.000000 1.000000
0.991553 -0.008509 -0.129425 -0.270839 0.021144 0.995102 0.096565 96.952278 0.127969 -0.098485 0.986876 -0.707838 0.000000 0.000000 0.000000 1.000000
0.995909 -0.009893 -0.089818 -0.359211 0.021398 0.991538 0.128039 96.809578 0.087791 -0.129438 0.987694 -1.615118 0.000000 0.000000 0.000000 1.000000
0.998820 -0.028867 -0.039057 -0.747389 0.034471 0.987869 0.151417 97.025665 0.034212 -0.152585 0.987698 -2.701367 0.000000 0.000000 0.000000 1.000000
0.997825 -0.062190 0.021851 -1.493088 0.058034 0.986019 0.156198 97.727280 -0.031260 -0.154590 0.987484 -3.773280 0.000000 0.000000 0.000000 1.000000
0.991971 -0.085632 0.093064 -2.390364 0.071314 0.986478 0.147563 98.351913 -0.104442 -0.139741 0.984665 -4.761497 0.000000 0.000000 0.000000 1.000000
0.982868 -0.096042 0.157308 -3.205147 0.073317 0.986801 0.144391 98.663078 -0.169100 -0.130383 0.976937 -5.762023 0.000000 0.000000 0.000000 1.000000
0.975030 -0.104972 0.195695 -3.964749 0.075473 0.985410 0.152545 98.847755 -0.208853 -0.133967 0.968728 -6.757407 0.000000 0.000000 0.000000 1.000000
0.971946 -0.107338 0.209282 -4.554232 0.073585 0.983897 0.162887 98.839645 -0.223396 -0.142918 0.964193 -7.659688 0.000000 0.000000 0.000000 1.000000
0.970977 -0.102341 0.216172 -4.895523 0.064915 0.982667 0.173641 98.501556 -0.230196 -0.154569 0.960790 -8.650988 0.000000 0.000000 0.000000 1.000000
0.968616 -0.095015 0.229683 -5.039928 0.052545 0.981444 0.184409 97.975098 -0.242943 -0.166553 0.955635 -9.957882 0.000000 0.000000 0.000000 1.000000
0.964634 -0.088403 0.248326 -5.054688 0.040454 0.980574 0.191933 97.371765 -0.260469 -0.175099 0.949471 -11.617187 0.000000 0.000000 0.000000 1.000000
0.960169 -0.083161 0.266757 -5.043752 0.030069 0.979892 0.197250 96.776764 -0.277796 -0.181372 0.943363 -13.562163 0.000000 0.000000 0.000000 1.000000
0.956888 -0.075534 0.280463 -5.042103 0.018910 0.979747 0.199347 96.226746 -0.289840 -0.185449 0.938936 -15.787311 0.000000 0.000000 0.000000 1.000000
0.953919 -0.067003 0.292488 -5.015055 0.008078 0.980132 0.198181 95.622345 -0.299955 -0.186686 0.935508 -18.335236 0.000000 0.000000 0.000000 1.000000
0.950164 -0.060659 0.305792 -4.888100 -0.001113 0.980221 0.197901 94.824165 -0.311748 -0.188378 0.931304 -21.422504 0.000000 0.000000 0.000000 1.000000
0.946683 -0.053505 0.317694 -4.578979 -0.010456 0.980490 0.196290 93.814720 -0.321998 -0.189146 0.927654 -25.300465 0.000000 0.000000 0.000000 1.000000
0.945273 -0.045784 0.323053 -4.121088 -0.019157 0.980610 0.195030 92.744186 -0.325719 -0.190545 0.926067 -30.017687 0.000000 0.000000 0.000000 1.000000
0.948099 -0.045045 0.314768 -3.706420 -0.017550 0.980993 0.193247 91.836067 -0.317490 -0.188741 0.929288 -35.315056 0.000000 0.000000 0.000000 1.000000
0.959548 -0.047865 0.277446 -3.235690 -0.004577 0.982660 0.185358 91.099266 -0.281507 -0.179130 0.942691 -40.798576 0.000000 0.000000 0.000000 1.000000
0.978429 -0.043291 0.201997 -2.568410 0.007668 0.984734 0.173898 90.837723 -0.206441 -0.168598 0.963824 -45.190762 0.000000 0.000000 0.000000 1.000000
0.990572 -0.030786 0.133487 -1.965561 0.008301 0.986119 0.165830 91.483032 -0.136740 -0.163159 0.977078 -48.640854 0.000000 0.000000 0.000000 1.000000
0.994994 -0.019285 0.098059 -1.616511 0.002548 0.985780 0.168022 92.962700 -0.099905 -0.166931 0.980894 -52.061474 0.000000 0.000000 0.000000 1.000000
0.995783 0.001192 0.091732 -1.579436 -0.016506 0.985924 0.166375 94.701508 -0.090243 -0.167187 0.981787 -55.141415 0.000000 0.000000 0.000000 1.000000
0.995131 0.024065 0.095579 -1.687431 -0.038837 0.987018 0.155842 96.102509 -0.090588 -0.158795 0.983147 -57.733208 0.000000 0.000000 0.000000 1.000000
0.994282 0.037650 0.099927 -1.677837 -0.050938 0.989677 0.133957 97.174812 -0.093852 -0.138281 0.985936 -60.111912 0.000000 0.000000 0.000000 1.000000
0.994413 0.038245 0.098383 -1.617635 -0.047849 0.994116 0.097183 97.755226 -0.094087 -0.101348 0.990392 -62.323059 0.000000 0.000000 0.000000 1.000000
0.995963 0.034444 0.082888 -1.414681 -0.039698 0.997249 0.062597 98.040108 -0.080504 -0.065635 0.994591 -64.365486 0.000000 0.000000 0.000000 1.000000
0.997339 0.036007 0.063387 -1.100609 -0.037184 0.999155 0.017491 98.091736 -0.062704 -0.019802 0.997836 -66.248672 0.000000 0.000000 0.000000 1.000000
0.998653 0.035015 0.038303 -0.838447 -0.033539 0.998694 -0.038529 97.854439 -0.039602 0.037193 0.998523 -68.079590 0.000000 0.000000 0.000000 1.000000
0.999711 0.024059 0.000184 -0.653011 -0.023952 0.995947 -0.086695 97.517532 -0.002269 0.086666 0.996235 -70.072533 0.000000 0.000000 0.000000 1.000000
0.999163 0.008241 -0.040074 -0.578745 -0.013301 0.991727 -0.127677 97.134895 0.038691 0.128103 0.991006 -72.264450 0.000000 0.000000 0.000000 1.000000
0.997561 -0.013515 -0.068475 -0.621116 0.002179 0.986626 -0.162986 96.543869 0.069762 0.162440 0.984249 -74.605789 0.000000 0.000000 0.000000 1.000000
0.996176 -0.042050 -0.076581 -0.822617 0.026281 0.980183 -0.196345 95.595024 0.083319 0.193581 0.977540 -77.027481 0.000000 0.000000 0.000000 1.000000
0.995007 -0.069076 -0.072040 -1.149277 0.051036 0.972434 -0.227522 94.384003 0.085771 0.222710 0.971104 -79.335815 0.000000 0.000000 0.000000 1.000000
0.993664 -0.090342 -0.066857 -1.494622 0.070509 0.964334 -0.255124 92.741982 0.087521 0.248793 0.964594 -81.538902 0.000000 0.000000 0.000000 1.000000
0.991770 -0.105982 -0.071828 -1.765210 0.083023 0.959462 -0.269332 90.812233 0.097461 0.261153 0.960365 -83.439232 0.000000 0.000000 0.000000 1.000000
0.990967 -0.105187 -0.083186 -1.984070 0.080936 0.963702 -0.254417 89.196999 0.106928 0.245386 0.963510 -84.572189 0.000000 0.000000 0.000000 1.000000
0.993187 -0.083096 -0.081693 -2.302400 0.062117 0.970690 -0.232168 88.128639 0.098591 0.225512 0.969239 -84.706398 0.000000 0.000000 0.000000 1.000000
0.994632 -0.070448 -0.075790 -2.872441 0.053216 0.976420 -0.209218 87.248802 0.088742 0.204062 0.974928 -83.973755 0.000000 0.000000 0.000000 1.000000
0.994886 -0.070685 -0.072149 -3.484993 0.057903 0.984424 -0.166004 86.018311 0.082760 0.160977 0.983482 -82.557747 0.000000 0.000000 0.000000 1.000000
0.996435 -0.063747 -0.055255 -3.984550 0.056412 0.990498 -0.125422 84.108055 0.062725 0.121858 0.990564 -80.621864 0.000000 0.000000 0.000000 1.000000
0.997684 -0.062805 -0.026125 -4.345341 0.059962 0.993360 -0.098186 81.605217 0.032118 0.096392 0.994825 -78.561668 0.000000 0.000000 0.000000 1.000000
0.998016 -0.062954 0.000547 -4.621955 0.062804 0.994962 -0.078137 78.526123 0.004375 0.078016 0.996942 -76.631668 0.000000 0.000000 0.000000 1.000000
0.997741 -0.063057 0.023160 -5.001869 0.064123 0.996759 -0.048577 75.051285 -0.020022 0.049953 0.998551 -74.798965 0.000000 0.000000 0.000000 1.000000
0.996450 -0.072306 0.043122 -5.687905 0.072829 0.997287 -0.010682 71.401245 -0.042233 0.013785 0.999013 -73.020935 0.000000 0.000000 0.000000 1.000000
0.994212 -0.085735 0.064739 -6.507004 0.084521 0.996195 0.021272 67.424530 -0.066317 -0.015677 0.997675 -71.298950 0.000000 0.000000 0.000000 1.000000
0.990038 -0.100880 0.098220 -7.674342 0.097511 0.994488 0.038528 63.592728 -0.101565 -0.028566 0.994419 -69.557312 0.000000 0.000000 0.000000 1.000000
0.984087 -0.118067 0.132792 -9.043421 0.113113 0.992595 0.044280 59.799644 -0.137036 -0.028555 0.990154 -67.828300 0.000000 0.000000 0.000000 1.000000
0.978227 -0.135305 0.157364 -10.469709 0.130033 0.990560 0.043378 55.981152 -0.161748 -0.021971 0.986587 -66.062759 0.000000 0.000000 0.000000 1.000000
0.974380 -0.150075 0.167516 -11.924484 0.144942 0.988526 0.042527 52.335888 -0.171976 -0.017158 0.984952 -64.311981 0.000000 0.000000 0.000000 1.000000
0.973715 -0.148805 0.172443 -13.031968 0.144774 0.988817 0.035795 49.805550 -0.175841 -0.009889 0.984369 -62.262455 0.000000 0.000000 0.000000 1.000000
0.975940 -0.114066 0.185821 -13.653832 0.117041 0.993114 -0.005087 49.522339 -0.183962 0.026713 0.982570 -59.429462 0.000000 0.000000 0.000000 1.000000
0.980036 -0.097455 0.173294 -14.448824 0.112706 0.990367 -0.080437 50.210175 -0.163786 0.098362 0.981580 -56.361858 0.000000 0.000000 0.000000 1.000000
0.985631 -0.119604 0.119274 -15.195177 0.135554 0.981382 -0.136066 50.877769 -0.100779 0.150279 0.983494 -53.641151 0.000000 0.000000 0.000000 1.000000
0.987897 -0.151137 0.034878 -15.966114 0.154890 0.973172 -0.170133 51.190056 -0.008229 0.173476 0.984804 -51.226711 0.000000 0.000000 0.000000 1.000000
0.984176 -0.170928 -0.046712 -16.843544 0.157796 0.965354 -0.207826 50.806828 0.080617 0.197167 0.977050 -48.929840 0.000000 0.000000 0.000000 1.000000
0.980040 -0.172477 -0.098861 -17.548187 0.143048 0.957148 -0.251803 49.824631 0.138055 0.232635 0.962716 -46.404369 0.000000 0.000000 0.000000 1.000000
0.977715 -0.160584 -0.135230 -18.010954 0.114605 0.947950 -0.297080 48.537651 0.175898 0.274961 0.945228 -43.583649 0.000000 0.000000 0.000000 1.000000
0.973093 -0.141307 -0.181997 -18.311069 0.069623 0.933272 -0.352359 46.978760 0.219644 0.330207 0.917998 -40.322018 0.000000 0.000000 0.000000 1.000000
0.959870 -0.126082 -0.250505 -18.555441 0.009176 0.906882 -0.421285 44.971992 0.280295 0.402080 0.871646 -37.043362 0.000000 0.000000 0.000000 1.000000
0.936487 -0.117401 -0.330469 -18.654640 -0.057398 0.878289 -0.474672 42.721466 0.345974 0.463492 0.815768 -33.709324 0.000000 0.000000 0.000000 1.000000
0.915548 -0.115588 -0.385243 -19.143867 -0.113012 0.845301 -0.522202 40.238670 0.386006 0.521638 0.760850 -30.341179 0.000000 0.000000 0.000000 1.000000
0.916537 -0.138050 -0.375370 -20.230091 -0.124450 0.793510 -0.595697 37.671520 0.380096 0.592693 0.710100 -27.331976 0.000000 0.000000 0.000000 1.000000
0.935935 -0.197120 -0.291839 -21.640570 -0.061079 0.725263 -0.685757 35.046005 0.346836 0.659649 0.666759 -24.573763 0.000000 0.000000 0.000000 1.000000
0.948829 -0.252752 -0.189316 -22.924973 0.014814 0.634461 -0.772813 32.128242 0.315444 0.730462 0.605739 -21.396784 0.000000 0.000000 0.000000 1.000000
0.947069 -0.298760 -0.117482 -24.113632 0.066240 0.539939 -0.839094 28.636721 0.314121 0.786898 0.531150 -17.379539 0.000000 0.000000 0.000000 1.000000
0.937477 -0.343853 -0.053877 -25.325737 0.115619 0.453677 -0.883634 24.419394 0.328283 0.822157 0.465068 -13.091717 0.000000 0.000000 0.000000 1.000000
0.927944 -0.372670 -0.006089 -26.281076 0.141782 0.368052 -0.918932 20.169140 0.344699 0.851854 0.394369 -9.600593 0.000000 0.000000 0.000000 1.000000
0.920576 -0.389871 0.023248 -27.267187 0.142312 0.279407 -0.949568 16.337473 0.363713 0.877458 0.312698 -6.452298 0.000000 0.000000 0.000000 1.000000
0.909279 -0.409043 0.076788 -28.564377 0.157614 0.167681 -0.973160 13.376825 0.385188 0.896977 0.216939 -3.668925 0.000000 0.000000 0.000000 1.000000
0.884785 -0.452761 0.110287 -30.490532 0.164059 0.081131 -0.983108 12.384339 0.436166 0.887933 0.146063 -1.514313 0.000000 0.000000 0.000000 1.000000
0.865999 -0.489212 0.103524 -32.428223 0.157316 0.070026 -0.985062 12.874692 0.474655 0.869349 0.137604 0.210915 0.000000 0.000000 0.000000 1.000000
0.862362 -0.497887 0.091877 -33.852249 0.151494 0.080597 -0.985167 13.582202 0.483096 0.863489 0.144930 1.620141 0.000000 0.000000 0.000000 1.000000
0.864256 -0.496596 0.080333 -34.789509 0.136762 0.078269 -0.987507 13.830541 0.484105 0.864446 0.135560 2.869669 0.000000 0.000000 0.000000 1.000000
0.865340 -0.496388 0.069179 -35.305874 0.124954 0.080008 -0.988931 13.576481 0.485359 0.864406 0.131260 3.903161 0.000000 0.000000 0.000000 1.000000
0.866466 -0.493649 0.074480 -35.504280 0.131272 0.081346 -0.988003 13.142744 0.481669 0.865848 0.135286 4.564141 0.000000 0.000000 0.000000 1.000000
0.869318 -0.487351 0.082317 -35.450756 0.140594 0.084164 -0.986483 12.978447 0.473835 0.869141 0.141684 4.934006 0.000000 0.000000 0.000000 1.000000
0.875083 -0.476458 0.084955 -35.184841 0.145239 0.091086 -0.985195 13.105847 0.461666 0.874466 0.148908 5.072666 0.000000 0.000000 0.000000 1.000000
0.879531 -0.468708 0.082081 -34.867180 0.142475 0.094816 -0.985247 13.260307 0.454011 0.878250 0.150173 5.015876 0.000000 0.000000 0.000000 1.000000
0.882545 -0.464625 0.072374 -34.548996 0.130834 0.094795 -0.986862 13.304003 0.451660 0.880419 0.144449 4.929190 0.000000 0.000000 0.000000 1.000000
0.883835 -0.464037 0.059207 -34.373978 0.117980 0.098639 -0.988105 13.238081 0.452677 0.880307 0.141927 4.496998 0.000000 0.000000 0.000000 1.000000
0.885398 -0.462062 0.050688 -34.143433 0.111385 0.105027 -0.988212 13.078666 0.451292 0.880606 0.144457 4.120225 0.000000 0.000000 0.000000 1.000000
0.889450 -0.454591 0.047185 -33.971191 0.110026 0.112777 -0.987510 12.882230 0.443591 0.883532 0.150326 3.830376 0.000000 0.000000 0.000000 1.000000
0.891631 -0.450522 0.044989 -33.851406 0.109945 0.119054 -0.986782 12.756891 0.439211 0.884792 0.155684 3.695273 0.000000 0.000000 0.000000 1.000000
0.890938 -0.452180 0.041987 -33.764999 0.106934 0.119036 -0.987115 12.727077 0.441355 0.883948 0.154408 3.738773 0.000000 0.000000 0.000000 1.000000
0.891327 -0.451395 0.042176 -33.746185 0.106257 0.117561 -0.987365 12.698898 0.440733 0.884546 0.152749 3.834397 0.000000 0.000000 0.000000 1.000000
0.892126 -0.449472 0.045670 -33.777355 0.109000 0.116034 -0.987246 12.657737 0.438440 0.885726 0.152510 3.986419 0.000000 0.000000 0.000000 1.000000
0.893037 -0.447381 0.048325 -33.850033 0.111581 0.116125 -0.986947 12.587210 0.435929 0.886772 0.153624 4.148239 0.000000 0.000000 0.000000 1.000000
0.893582 -0.446185 0.049290 -33.943287 0.113051 0.117417 -0.986627 12.507757 0.434431 0.887205 0.155363 4.257506 0.000000 0.000000 0.000000 1.000000
0.893949 -0.445439 0.049390 -34.018410 0.113869 0.119159 -0.986324 12.439810 0.433462 0.887347 0.157244 4.317005 0.000000 0.000000 0.000000 1.000000
0.894333 -0.444671 0.049368 -34.048565 0.114386 0.120578 -0.986092 12.391877 0.432533 0.887541 0.158701 4.345686 0.000000 0.000000 0.000000 1.000000
0.894470 -0.444387 0.049440 -34.034893 0.114402 0.120561 -0.986092 12.375200 0.432246 0.887685 0.158677 4.347023 0.000000 0.000000 0.000000 1.000000
0.894044 -0.445136 0.050393 -33.992470 0.114866 0.119057 -0.986221 12.391769 0.433003 0.887513 0.157574 4.325801 0.000000 0.000000 0.000000 1.000000
0.893227 -0.446595 0.051936 -33.935638 0.116157 0.117629 -0.986241 12.419301 0.434341 0.886970 0.156945 4.293356 0.000000 0.000000 0.000000 1.000000
0.892826 -0.447366 0.052199 -33.892918 0.116276 0.116976 -0.986304 12.430601 0.435134 0.886668 0.156457 4.268833 0.000000 0.000000 0.000000 1.000000
0.892978 -0.447124 0.051688 -33.867218 0.115732 0.117110 -0.986353 12.425151 0.434968 0.886773 0.156323 4.261741 0.000000 0.000000 0.000000 1.000000
0.893397 -0.446269 0.051823 -33.851704 0.115816 0.117317 -0.986318 12.417694 0.434083 0.887176 0.156496 4.270419 0.000000 0.000000 0.000000 1.000000
0.893681 -0.445647 0.052274 -33.850422 0.116353 0.117646 -0.986216 12.402457 0.433355 0.887445 0.156990 4.290527 0.000000 0.000000 0.000000 1.000000
0.893803 -0.445370 0.052545 -33.857018 0.116817 0.118096 -0.986107 12.383055 0.432977 0.887524 0.157582 4.314604 0.000000 0.000000 0.000000 1.000000
0.893970 -0.444969 0.053105 -33.861279 0.117354 0.118092 -0.986044 12.371669 0.432488 0.887726 0.157789 4.331049 0.000000 0.000000 0.000000 1.000000
0.894100 -0.444637 0.053698 -33.864258 0.117865 0.117933 -0.986002 12.362988 0.432080 0.887913 0.157851 4.333283 0.000000 0.000000 0.000000 1.000000
0.894101 -0.444600 0.053987 -33.868107 0.117988 0.117545 -0.986033 12.358059 0.432045 0.887983 0.157555 4.323101 0.000000 0.000000 0.000000 1.000000
0.894173 -0.444423 0.054246 -33.871933 0.117911 0.116870 -0.986123 12.358774 0.431916 0.888161 0.156905 4.310456 0.000000 0.000000 0.000000 1.000000
0.894476 -0.443759 0.054689 -33.875359 0.118163 0.116649 -0.986119 12.354013 0.431220 0.888522 0.156776 4.300701 0.000000 0.000000 0.000000 1.000000
0.895284 -0.442013 0.055589 -33.881424 0.119181 0.117407 -0.985906 12.333872 0.429257 0.889292 0.157793 4.288761 0.000000 0.000000 0.000000 1.000000
0.895973 -0.440542 0.056171 -33.888969 0.119847 0.118057 -0.985748 12.315427 0.427631 0.889936 0.158574 4.280318 0.000000 0.000000 0.000000 1.000000
0.896072 -0.440318 0.056355 -33.893547 0.119972 0.117987 -0.985741 12.305107 0.427390 0.890056 0.158551 4.280335 0.000000 0.000000 0.000000 1.000000
0.895919 -0.440622 0.056398 -33.898502 0.119960 0.117742 -0.985772 12.294392 0.427713 0.889938 0.158344 4.279543 0.000000 0.000000 0.000000 1.000000
0.895899 -0.440700 0.056110 -33.903374 0.119571 0.117558 -0.985841 12.285675 0.427864 0.889923 0.158015 4.279930 0.000000 0.000000 0.000000 1.000000
0.895905 -0.440709 0.055944 -33.906532 0.119273 0.117315 -0.985906 12.277287 0.427935 0.889951 0.157668 4.280357 0.000000 0.000000 0.000000 1.000000
0.895838 -0.440886 0.055621 -33.911823 0.118792 0.116983 -0.986004 12.270161 0.428209 0.889907 0.157171 4.277902 0.000000 0.000000 0.000000 1.000000
0.895964 -0.440698 0.055090 -33.915390 0.118237 0.117120 -0.986054 12.253984 0.428100 0.889982 0.157042 4.277103 0.000000 0.000000 0.000000 1.000000
0.896240 -0.440229 0.054325 -33.919495 0.117419 0.117358 -0.986124 12.234211 0.427745 0.890183 0.156872 4.274022 0.000000 0.000000 0.000000 1.000000
0.896395 -0.440008 0.053569 -33.924290 0.116552 0.117373 -0.986225 12.219652 0.427659 0.890290 0.156496 4.269442 0.000000 0.000000 0.000000 1.000000
0.896477 -0.439896 0.053112 -33.924801 0.116002 0.117321 -0.986296 12.211346 0.427636 0.890353 0.156204 4.271035 0.000000 0.000000 0.000000 1.000000
0.896427 -0.440026 0.052877 -33.923737 0.115711 0.117200 -0.986344 12.203463 0.427820 0.890304 0.155977 4.272777 0.000000 0.000000 0.000000 1.000000
0.896888 -0.439047 0.053193 -33.925739 0.116138 0.117760 -0.986228 12.184213 0.426736 0.890713 0.156607 4.269192 0.000000 0.000000 0.000000 1.000000
0.897430 -0.437983 0.052816 -33.931580 0.115876 0.118508 -0.986169 12.166842 0.425666 0.891138 0.157104 4.268722 0.000000 0.000000 0.000000 1.000000
0.897495 -0.437975 0.051775 -33.936550 0.114929 0.118926 -0.986229 12.154903 0.425786 0.891086 0.157072 4.274976 0.000000 0.000000 0.000000 1.000000
0.897406 -0.438226 0.051195 -33.939732 0.114421 0.119094 -0.986268 12.142377 0.426112 0.890940 0.157018 4.279905 0.000000 0.000000 0.000000 1.000000
0.897362 -0.438362 0.050792 -33.941780 0.114047 0.119184 -0.986300 12.133289 0.426303 0.890861 0.156945 4.284022 0.000000 0.000000 0.000000 1.000000
0.897272 -0.438602 0.050317 -33.945652 0.113659 0.119366 -0.986323 12.122946 0.426597 0.890719 0.156954 4.281977 0.000000 0.000000 0.000000 1.000000
0.897097 -0.439020 0.049794 -33.946735 0.113027 0.119079 -0.986431 12.117477 0.427133 0.890552 0.156446 4.285561 0.000000 0.000000 0.000000 1.000000
0.896906 -0.439398 0.049883 -33.948193 0.112925 0.118510 -0.986511 12.111532 0.427559 0.890441 0.155911 4.283872 0.000000 0.000000 0.000000 1.000000
0.896927 -0.439348 0.049950 -33.948975 0.112866 0.118252 -0.986548 12.110362 0.427532 0.890500 0.155651 4.285437 0.000000 0.000000 0.000000 1.000000</float_array>
        <technique_common>
          <accessor source="#mixamorig1_Hips-Matrix-animation-output-transform-array" count="133" stride="16">
            <param type="float4x4"/>
          </accessor>
        </technique_common>
      </source>
      <source id="mixamorig1_Hips-Interpolations">
        <Name_array id="mixamorig1_Hips-Interpolations-array" count="133">
 LINEAR LINEAR LINEAR LINEAR LINEAR LINEAR LINEAR LINEAR LINEAR LINEAR LINEAR
LINEAR LINEAR LINEAR LINEAR LINEAR LINEAR LINEAR LINEAR LINEAR LINEAR LINEAR LINEAR
LINEAR LINEAR LINEAR LINEAR LINEAR LINEAR LINEAR LINEAR LINEAR LINEAR LINEAR LINEAR
LINEAR LINEAR LINEAR LINEAR LINEAR LINEAR LINEAR LINEAR LINEAR LINEAR LINEAR LINEAR
LINEAR LINEAR LINEAR LINEAR LINEAR LINEAR LINEAR LINEAR LINEAR LINEAR LINEAR LINEAR
LINEAR LINEAR LINEAR LINEAR LINEAR LINEAR LINEAR LINEAR LINEAR LINEAR LINEAR LINEAR
LINEAR LINEAR LINEAR LINEAR LINEAR LINEAR LINEAR LINEAR LINEAR LINEAR LINEAR LINEAR
LINEAR LINEAR LINEAR LINEAR LINEAR LINEAR LINEAR LINEAR LINEAR LINEAR LINEAR LINEAR
LINEAR LINEAR LINEAR LINEAR LINEAR LINEAR LINEAR LINEAR LINEAR LINEAR LINEAR LINEAR
LINEAR LINEAR LINEAR LINEAR LINEAR LINEAR LINEAR LINEAR LINEAR LINEAR LINEAR LINEAR
LINEAR LINEAR LINEAR LINEAR LINEAR LINEAR LINEAR LINEAR LINEAR LINEAR LINEAR LINEAR
LINEAR LINEAR</Name_array>
        <technique_common>
          <accessor source="#mixamorig1_Hips-Interpolations-array" count="133">
            <param type="name"/>
          </accessor>
        </technique_common>
      </source>
      <sampler id="mixamorig1_Hips-Matrix-animation-transform">
        <input semantic="INPUT" source="#mixamorig1_Hips-Matrix-animation-input"/>
        <input semantic="OUTPUT" source="#mixamorig1_Hips-Matrix-animation-output-transform"/>
        <input semantic="INTERPOLATION" source="#mixamorig1_Hips-Interpolations"/>
      </sampler>
      <channel source="#mixamorig1_Hips-Matrix-animation-transform" target="mixamorig1_Hips/matrix"/>
    </animation>
    <animation id="mixamorig1_Spine-anim" name="mixamorig1_Spine">
      <source id="mixamorig1_Spine-Matrix-animation-input">
        <float_array id="mixamorig1_Spine-Matrix-animation-input-array" count="133">

0.000000 0.033333 0.066667 0.100000 0.133333 0.166667 0.200000 0.233333 0.266667 0.300000 0.333333 0.366667 0.400000 0.433333 0.466667 0.500000
0.533333 0.566667 0.600000 0.633333 0.666667 0.700000 0.733333 0.766667 0.800000 0.833333 0.866667 0.900000 0.933333 0.966667 1.000000 1.033333
1.066667 1.100000 1.133333 1.166667 1.200000 1.233333 1.266667 1.300000 1.333333 1.366667 1.400000 1.433333 1.466667 1.500000 1.533333 1.566667
1.600000 1.633333 1.666667 1.700000 1.733333 1.766667 1.800000 1.833333 1.866667 1.900000 1.933333 1.966667 2.000000 2.033333 2.066667 2.100000
2.133333 2.166667 2.200000 2.233333 2.266667 2.300000 2.333333 2.366667 2.400000 2.433333 2.466667 2.500000 2.533333 2.566667 2.600000 2.633333
2.666667 2.700000 2.733333 2.766667 2.800000 2.833333 2.866667 2.900000 2.933333 2.966667 3.000000 3.033333 3.066667 3.100000 3.133333 3.166667
3.200000 3.233333 3.266667 3.300000 3.333333 3.366667 3.400000 3.433333 3.466667 3.500000 3.533333 3.566667 3.600000 3.633333 3.666667 3.700000
3.733333 3.766667 3.800000 3.833333 3.866667 3.900000 3.933333 3.966667 4.000000 4.033333 4.066667 4.100000 4.133333 4.166667 4.200000 4.233333
4.266667 4.300000 4.333333 4.366667 4.400000</float_array>
        <technique_common>
          <accessor source="#mixamorig1_Spine-Matrix-animation-input-array" count="133">
            <param name="TIME" type="float"/>
          </accessor>
        </technique_common>
      </source>
      <source id="mixamorig1_Spine-Matrix-animation-output-transform">
        <float_array id="mixamorig1_Spine-Matrix-animation-output-transform-array" count="2128">

0.998900 -0.036440 0.029522 0.000000 0.033786 0.995731 0.085896 9.717300 -0.032526 -0.084804 0.995867 -1.180200 0.000000 0.000000 0.000000 1.000000
0.998903 -0.036416 0.029446 0.000000 0.033775 0.995749 0.085692 9.717300 -0.032441 -0.084603 0.995886 -1.180200 0.000000 0.000000 0.000000 1.000000
0.998898 -0.036708 0.029250 0.000000 0.034088 0.995753 0.085518 9.717300 -0.032265 -0.084426 0.995907 -1.180200 0.000000 0.000000 0.000000 1.000000
0.998900 -0.037041 0.028760 0.000000 0.034468 0.995757 0.085319 9.717300 -0.031798 -0.084234 0.995939 -1.180200 0.000000 0.000000 0.000000 1.000000
0.998931 -0.036776 0.028009 0.000000 0.034293 0.995835 0.084481 9.717300 -0.030999 -0.083430 0.996031 -1.180200 0.000000 0.000000 0.000000 1.000000
0.998920 -0.037983 0.026753 0.000000 0.035660 0.995951 0.082518 9.717300 -0.029779 -0.081475 0.996230 -1.180200 0.000000 0.000000 0.000000 1.000000
0.998812 -0.041287 0.025893 0.000000 0.039124 0.996098 0.079113 9.717300 -0.029058 -0.078006 0.996529 -1.180200 0.000000 0.000000 0.000000 1.000000
0.998422 -0.049220 0.027020 -0.000000 0.047125 0.996190 0.073379 9.717300 -0.030529 -0.071990 0.996938 -1.180200 0.000000 0.000000 0.000000 1.000000
0.997773 -0.059487 0.030163 0.000000 0.057447 0.996263 0.064499 9.717300 -0.033887 -0.062623 0.997462 -1.180200 0.000000 0.000000 0.000000 1.000000
0.996792 -0.073117 0.032558 -0.000000 0.071272 0.995960 0.054620 9.717300 -0.036420 -0.052124 0.997976 -1.180200 0.000000 0.000000 0.000000 1.000000
0.996477 -0.075885 0.035714 0.000000 0.074122 0.996077 0.048344 9.717300 -0.039243 -0.045526 0.998192 -1.180200 0.000000 0.000000 0.000000 1.000000
0.996917 -0.069380 0.036659 -0.000000 0.067523 0.996481 0.049671 9.717300 -0.039976 -0.047043 0.998093 -1.180200 0.000000 0.000000 0.000000 1.000000
0.997271 -0.066172 0.032723 0.000000 0.064199 0.996246 0.058065 9.717300 -0.036443 -0.055806 0.997776 -1.180200 0.000000 0.000000 0.000000 1.000000
0.997555 -0.064809 0.026156 0.000000 0.062950 0.995796 0.066540 9.717300 -0.030358 -0.064731 0.997441 -1.180200 0.000000 0.000000 0.000000 1.000000
0.998259 -0.055178 0.020827 -0.000000 0.053549 0.995965 0.072017 9.717300 -0.024716 -0.070776 0.997186 -1.180200 0.000000 0.000000 0.000000 1.000000
0.998862 -0.044495 0.017149 0.000000 0.043023 0.995998 0.078343 9.717300 -0.020566 -0.077516 0.996779 -1.180200 0.000000 0.000000 0.000000 1.000000
0.999138 -0.040028 0.010981 0.000000 0.038938 0.995531 0.086033 9.717300 -0.014375 -0.085531 0.996232 -1.180200 0.000000 0.000000 0.000000 1.000000
0.999230 -0.039227 0.000571 0.000000 0.039008 0.995003 0.091910 9.717300 -0.004173 -0.091817 0.995767 -1.180200 0.000000 0.000000 0.000000 1.000000
0.999232 -0.037506 -0.011386 0.000000 0.038424 0.994679 0.095592 9.717300 0.007740 -0.095956 0.995355 -1.180200 0.000000 0.000000 0.000000 1.000000
0.999257 -0.032069 -0.021391 -0.000000 0.034025 0.994569 0.098356 9.717300 0.018120 -0.099010 0.994921 -1.180200 0.000000 0.000000 0.000000 1.000000
0.999349 -0.024024 -0.026931 -0.000000 0.026633 0.994517 0.101130 9.717300 0.024353 -0.101781 0.994509 -1.180200 0.000000 0.000000 0.000000 1.000000
0.999500 -0.014133 -0.028293 0.000000 0.016982 0.994522 0.103143 9.717300 0.026680 -0.103572 0.994264 -1.180200 0.000000 0.000000 0.000000 1.000000
0.999612 -0.003814 -0.027597 0.000000 0.006610 0.994770 0.101924 9.717300 0.027064 -0.102066 0.994409 -1.180200 0.000000 0.000000 0.000000 1.000000
0.999673 0.004213 -0.025224 0.000000 -0.001760 0.995333 0.096488 9.717300 0.025512 -0.096412 0.995014 -1.180200 0.000000 0.000000 0.000000 1.000000
0.999725 0.012261 -0.019996 -0.000000 -0.010487 0.996196 0.086513 9.717300 0.020980 -0.086280 0.996050 -1.180200 0.000000 0.000000 0.000000 1.000000
0.999588 0.026489 -0.011066 0.000000 -0.025616 0.997027 0.072663 9.717300 0.012958 -0.072350 0.997295 -1.180200 0.000000 0.000000 0.000000 1.000000
0.999442 0.033294 -0.002590 0.000000 -0.033096 0.997877 0.056098 9.717300 0.004452 -0.055981 0.998422 -1.180200 0.000000 0.000000 0.000000 1.000000
0.998954 0.044315 0.011292 0.000000 -0.044786 0.997955 0.045608 9.717300 -0.009248 -0.046066 0.998896 -1.180200 0.000000 0.000000 0.000000 1.000000
0.997738 0.062540 0.024637 0.000000 -0.063528 0.997112 0.041622 9.717300 -0.021963 -0.043093 0.998830 -1.180200 0.000000 0.000000 0.000000 1.000000
0.997685 0.061353 0.029340 0.000000 -0.062337 0.997479 0.033903 9.717300 -0.027186 -0.035653 0.998994 -1.180200 0.000000 0.000000 0.000000 1.000000
0.998676 0.043227 0.027870 0.000000 -0.043968 0.998681 0.026533 9.717300 -0.026686 -0.027723 0.999259 -1.180200 0.000000 0.000000 0.000000 1.000000
0.999278 0.026501 0.027207 -0.000000 -0.027191 0.999310 0.025314 9.717300 -0.026517 -0.026036 0.999309 -1.180200 0.000000 0.000000 0.000000 1.000000
0.999488 0.015231 0.028146 -0.000000 -0.016104 0.999389 0.031037 9.717300 -0.027656 -0.031474 0.999122 -1.180200 0.000000 0.000000 0.000000 1.000000
0.999433 0.011009 0.031825 0.000000 -0.012360 0.999018 0.042554 9.717300 -0.031325 -0.042924 0.998587 -1.180200 0.000000 0.000000 0.000000 1.000000
0.999285 0.004289 0.037568 -0.000000 -0.006332 0.998497 0.054441 9.717300 -0.037278 -0.054640 0.997810 -1.180200 0.000000 0.000000 0.000000 1.000000
0.999064 -0.005449 0.042907 0.000000 0.002524 0.997687 0.067924 9.717300 -0.043178 -0.067753 0.996767 -1.180200 0.000000 0.000000 0.000000 1.000000
0.998749 -0.011768 0.048592 -0.000000 0.007799 0.996677 0.081077 9.717300 -0.049385 -0.080597 0.995523 -1.180200 0.000000 0.000000 0.000000 1.000000
0.998336 -0.015424 0.055563 -0.000000 0.010442 0.995989 0.088867 9.717300 -0.056711 -0.088139 0.994493 -1.180200 0.000000 0.000000 0.000000 1.000000
0.997927 -0.017893 0.061824 0.000000 0.012203 0.995756 0.091224 9.717300 -0.063194 -0.090280 0.993909 -1.180200 0.000000 0.000000 0.000000 1.000000
0.997694 -0.017725 0.065520 -0.000000 0.011827 0.995932 0.089323 9.717300 -0.066837 -0.088342 0.993845 -1.180200 0.000000 0.000000 0.000000 1.000000
0.997752 -0.013677 0.065607 0.000000 0.007983 0.996239 0.086284 9.717300 -0.066541 -0.085566 0.994108 -1.180200 0.000000 0.000000 0.000000 1.000000
0.997940 -0.009675 0.063418 0.000000 0.004247 0.996357 0.085172 9.717300 -0.064011 -0.084727 0.994346 -1.180200 0.000000 0.000000 0.000000 1.000000
0.998029 -0.005410 0.062524 -0.000000 0.000040 0.996333 0.085565 9.717300 -0.062758 -0.085394 0.994369 -1.180200 0.000000 0.000000 0.000000 1.000000
0.998005 -0.000376 0.063130 -0.000000 -0.004925 0.996471 0.083793 9.717300 -0.062939 -0.083937 0.994481 -1.180200 0.000000 0.000000 0.000000 1.000000
0.998107 -0.001199 0.061492 0.000000 -0.003607 0.996949 0.077976 9.717300 -0.061397 -0.078050 0.995057 -1.180200 0.000000 0.000000 0.000000 1.000000
0.998449 -0.007286 0.055198 0.000000 0.003130 0.997177 0.075017 9.717300 -0.055589 -0.074728 0.995653 -1.180200 0.000000 0.000000 0.000000 1.000000
0.998825 -0.007223 0.047930 -0.000000 0.003541 0.997065 0.076472 9.717300 -0.048342 -0.076213 0.995919 -1.180200 0.000000 0.000000 0.000000 1.000000
0.999147 -0.008801 0.040345 -0.000000 0.005595 0.996866 0.078913 9.717300 -0.040913 -0.078620 0.996065 -1.180200 0.000000 0.000000 0.000000 1.000000
0.999329 -0.020782 0.030157 0.000000 0.018175 0.996276 0.084284 9.717300 -0.031796 -0.083679 0.995985 -1.180200 0.000000 0.000000 0.000000 1.000000
0.999365 -0.028401 0.021505 -0.000000 0.026350 0.995566 0.090298 9.717300 -0.023974 -0.089674 0.995683 -1.180200 0.000000 0.000000 0.000000 1.000000
0.999289 -0.033852 0.016604 0.000000 0.032092 0.994791 0.096747 9.717300 -0.019792 -0.096146 0.995170 -1.180200 0.000000 0.000000 0.000000 1.000000
0.999278 -0.035506 0.013537 0.000000 0.033993 0.994491 0.099158 9.717300 -0.016983 -0.098627 0.994980 -1.180200 0.000000 0.000000 0.000000 1.000000
0.999560 -0.027238 0.011751 -0.000000 0.025982 0.995019 0.096240 9.717300 -0.014314 -0.095892 0.995289 -1.180200 0.000000 0.000000 0.000000 1.000000
0.999817 -0.016042 0.010421 0.000000 0.015019 0.995663 0.091810 9.717300 -0.011848 -0.091637 0.995722 -1.180200 0.000000 0.000000 0.000000 1.000000
0.999969 -0.000005 0.007906 0.000000 -0.000701 0.996008 0.089258 9.717300 -0.007875 -0.089260 0.995977 -1.180200 0.000000 0.000000 0.000000 1.000000
0.999883 0.014373 0.005256 0.000000 -0.014788 0.995834 0.089973 9.717300 -0.003940 -0.090040 0.995930 -1.180200 0.000000 0.000000 0.000000 1.000000
0.999667 0.025330 0.004949 0.000000 -0.025677 0.995489 0.091338 9.717300 -0.002613 -0.091435 0.995808 -1.180200 0.000000 0.000000 0.000000 1.000000
0.999459 0.031915 0.007898 0.000000 -0.032499 0.995372 0.090439 9.717300 -0.004975 -0.090646 0.995871 -1.180200 0.000000 0.000000 0.000000 1.000000
0.999624 0.026229 0.008034 0.000000 -0.026851 0.995497 0.090911 9.717300 -0.005613 -0.091092 0.995827 -1.180200 0.000000 0.000000 0.000000 1.000000
0.999950 0.009427 0.003354 -0.000000 -0.009716 0.994896 0.100437 9.717300 -0.002391 -0.100464 0.994938 -1.180200 0.000000 0.000000 0.000000 1.000000
0.999948 0.005617 0.008475 0.000000 -0.006599 0.992666 0.120711 9.717300 -0.007735 -0.120761 0.992652 -1.180200 0.000000 0.000000 0.000000 1.000000
0.999777 0.009908 0.018642 0.000000 -0.012422 0.990082 0.139943 9.717300 -0.017071 -0.140144 0.989984 -1.180200 0.000000 0.000000 0.000000 1.000000
0.999490 0.014803 0.028289 0.000000 -0.018819 0.988894 0.147424 9.717300 -0.025792 -0.147882 0.988669 -1.180200 0.000000 0.000000 0.000000 1.000000
0.999260 0.017019 0.034501 0.000000 -0.021862 0.989151 0.145268 9.717300 -0.031654 -0.145915 0.988791 -1.180200 0.000000 0.000000 0.000000 1.000000
0.999495 0.008412 0.030630 0.000000 -0.012669 0.989850 0.141554 9.717300 -0.029129 -0.141870 0.989457 -1.180200 0.000000 0.000000 0.000000 1.000000
0.999712 -0.010950 0.021339 0.000000 0.007859 0.990131 0.139924 9.717300 -0.022660 -0.139716 0.989932 -1.180200 0.000000 0.000000 0.000000 1.000000
0.999274 -0.034697 0.015764 0.000000 0.032118 0.989383 0.141735 9.717300 -0.020514 -0.141126 0.989779 -1.180200 0.000000 0.000000 0.000000 1.000000
0.998417 -0.052484 0.020226 0.000000 0.048996 0.988139 0.145538 9.717300 -0.027624 -0.144317 0.989146 -1.180200 0.000000 0.000000 0.000000 1.000000
0.997337 -0.067841 0.026779 0.000000 0.063252 0.987328 0.145541 9.717300 -0.036313 -0.143459 0.988990 -1.180200 0.000000 0.000000 0.000000 1.000000
0.996368 -0.079677 0.030025 0.000000 0.074613 0.986912 0.142961 9.717300 -0.041022 -0.140202 0.989273 -1.180200 0.000000 0.000000 0.000000 1.000000
0.996129 -0.083517 0.027430 0.000000 0.078791 0.986626 0.142694 9.717300 -0.038980 -0.139981 0.989387 -1.180200 0.000000 0.000000 0.000000 1.000000
0.996975 -0.075302 0.019238 0.000000 0.071838 0.987305 0.141661 9.717300 -0.029661 -0.139850 0.989728 -1.180200 0.000000 0.000000 0.000000 1.000000
0.997764 -0.065490 0.013371 0.000000 0.062928 0.987807 0.142401 9.717300 -0.022534 -0.141241 0.989719 -1.180200 0.000000 0.000000 0.000000 1.000000
0.997831 -0.065642 0.004855 -0.000000 0.064263 0.987509 0.143861 9.717300 -0.014238 -0.143237 0.989586 -1.180200 0.000000 0.000000 0.000000 1.000000
0.996841 -0.075701 -0.024035 0.000000 0.078370 0.986645 0.142793 9.717300 0.012904 -0.144226 0.989461 -1.180200 0.000000 0.000000 0.000000 1.000000
0.994800 -0.086032 -0.054512 0.000000 0.092980 0.985585 0.141337 9.717300 0.041567 -0.145671 0.988460 -1.180200 0.000000 0.000000 0.000000 1.000000
0.993416 -0.094689 -0.064482 0.000000 0.103076 0.984425 0.142417 9.717300 0.049993 -0.148126 0.987704 -1.180200 0.000000 0.000000 0.000000 1.000000
0.993504 -0.097877 -0.058056 0.000000 0.105652 0.982873 0.150989 9.717300 0.042283 -0.156142 0.986829 -1.180200 0.000000 0.000000 0.000000 1.000000
0.996595 -0.072295 -0.039658 0.000000 0.077574 0.985074 0.153661 9.717300 0.027957 -0.156214 0.987328 -1.180200 0.000000 0.000000 0.000000 1.000000
0.998613 -0.044573 -0.028019 -0.000000 0.048030 0.989254 0.138092 9.717300 0.021563 -0.139246 0.990023 -1.180200 0.000000 0.000000 0.000000 1.000000
0.999119 -0.034747 -0.023539 0.000000 0.037313 0.992172 0.119178 9.717300 0.019214 -0.119951 0.992594 -1.180200 0.000000 0.000000 0.000000 1.000000
0.999269 -0.033061 -0.019186 0.000000 0.034935 0.993611 0.107317 9.717300 0.015515 -0.107909 0.994040 -1.180200 0.000000 0.000000 0.000000 1.000000
0.999289 -0.033727 -0.016840 0.000000 0.035237 0.994432 0.099314 9.717300 0.013396 -0.099837 0.994914 -1.180200 0.000000 0.000000 0.000000 1.000000
0.999152 -0.036957 -0.018163 -0.000000 0.038496 0.994887 0.093372 9.717300 0.014619 -0.093992 0.995466 -1.180200 0.000000 0.000000 0.000000 1.000000
0.998912 -0.042091 -0.020098 -0.000000 0.043698 0.995193 0.087639 9.717300 0.016313 -0.088422 0.995950 -1.180200 0.000000 0.000000 0.000000 1.000000
0.998484 -0.050345 -0.022229 0.000000 0.052014 0.995253 0.082251 9.717300 0.017982 -0.083283 0.996364 -1.180200 0.000000 0.000000 0.000000 1.000000
0.998152 -0.056230 -0.023018 -0.000000 0.057891 0.995168 0.079305 9.717300 0.018447 -0.080491 0.996585 -1.180200 0.000000 0.000000 0.000000 1.000000
0.998014 -0.058937 -0.022238 0.000000 0.060535 0.994969 0.079825 9.717300 0.017422 -0.081013 0.996561 -1.180200 0.000000 0.000000 0.000000 1.000000
0.998440 -0.052282 -0.019582 0.000000 0.053692 0.995331 0.080210 9.717300 0.015297 -0.081137 0.996586 -1.180200 0.000000 0.000000 0.000000 1.000000
0.998655 -0.048434 -0.018500 0.000000 0.049771 0.995521 0.080380 9.717300 0.014524 -0.081192 0.996593 -1.180200 0.000000 0.000000 0.000000 1.000000
0.998617 -0.049094 -0.018829 -0.000000 0.050456 0.995487 0.080377 9.717300 0.014798 -0.081216 0.996587 -1.180200 0.000000 0.000000 0.000000 1.000000
0.998567 -0.049990 -0.019084 0.000000 0.051368 0.995448 0.080275 9.717300 0.014984 -0.081140 0.996590 -1.180200 0.000000 0.000000 0.000000 1.000000
0.998544 -0.050715 -0.018376 0.000000 0.052041 0.995367 0.080844 9.717300 0.014191 -0.081683 0.996557 -1.180200 0.000000 0.000000 0.000000 1.000000
