<?xml version="1.0" encoding="utf-8"?>
<COLLADA xmlns="http://www.collada.org/2005/11/COLLADASchema" version="1.4.1">
  <asset>
    <contributor>
      <author>Mixamo</author>
      <authoring_tool>COLLADA Mixamo exporter</authoring_tool>
      <comments/>
    </contributor>
    <created>2025-03-02T13:51:43Z</created>
    <modified>2025-03-02T13:51:43Z</modified>
    <revision/>
    <title/>
    <unit meter="0.010000"/>
    <up_axis>Y_UP</up_axis>
  </asset>
  <library_animations>
    <animation id="mixamorig_Hips-anim" name="mixamorig_Hips">
      <source id="mixamorig_Hips-Matrix-animation-input">
        <float_array id="mixamorig_Hips-Matrix-animation-input-array" count="198">

0.000000 0.033333 0.066667 0.100000 0.133333 0.166667 0.200000 0.233333 0.266667 0.300000 0.333333 0.366667 0.400000 0.433333 0.466667 0.500000
0.533333 0.566667 0.600000 0.633333 0.666667 0.700000 0.733333 0.766667 0.800000 0.833333 0.866667 0.900000 0.933333 0.966667 1.000000 1.033333
1.066667 1.100000 1.133333 1.166667 1.200000 1.233333 1.266667 1.300000 1.333333 1.366667 1.400000 1.433333 1.466667 1.500000 1.533333 1.566667
1.600000 1.633333 1.666667 1.700000 1.733333 1.766667 1.800000 1.833333 1.866667 1.900000 1.933333 1.966667 2.000000 2.033333 2.066667 2.100000
2.133333 2.166667 2.200000 2.233333 2.266667 2.300000 2.333333 2.366667 2.400000 2.433333 2.466667 2.500000 2.533333 2.566667 2.600000 2.633333
2.666667 2.700000 2.733333 2.766667 2.800000 2.833333 2.866667 2.900000 2.933333 2.966667 3.000000 3.033333 3.066667 3.100000 3.133333 3.166667
3.200000 3.233333 3.266667 3.300000 3.333333 3.366667 3.400000 3.433333 3.466667 3.500000 3.533333 3.566667 3.600000 3.633333 3.666667 3.700000
3.733333 3.766667 3.800000 3.833333 3.866667 3.900000 3.933333 3.966667 4.000000 4.033333 4.066667 4.100000 4.133333 4.166667 4.200000 4.233333
4.266667 4.300000 4.333333 4.366667 4.400000 4.433333 4.466667 4.500000 4.533333 4.566667 4.600000 4.633333 4.666667 4.700000 4.733333 4.766667
4.800000 4.833333 4.866667 4.900000 4.933333 4.966667 5.000000 5.033333 5.066667 5.100000 5.133333 5.166667 5.200000 5.233333 5.266667 5.300000
5.333333 5.366667 5.400000 5.433333 5.466667 5.500000 5.533333 5.566667 5.600000 5.633333 5.666667 5.700000 5.733333 5.766667 5.800000 5.833333
5.866667 5.900000 5.933333 5.966667 6.000000 6.033333 6.066667 6.100000 6.133333 6.166667 6.200000 6.233333 6.266667 6.300000 6.333333 6.366667
6.400000 6.433333 6.466667 6.500000 6.533333 6.566667</float_array>
        <technique_common>
          <accessor source="#mixamorig_Hips-Matrix-animation-input-array" count="198">
            <param name="TIME" type="float"/>
          </accessor>
        </technique_common>
      </source>
      <source id="mixamorig_Hips-Matrix-animation-output-transform">
        <float_array id="mixamorig_Hips-Matrix-animation-output-transform-array" count="3168">

0.995967 0.085383 0.027576 0.015707 -0.085833 0.996188 0.015581 94.145790 -0.026140 -0.017885 0.999498 0.003280 0.000000 0.000000 0.000000 1.000000
0.995981 0.081572 0.036985 0.011895 -0.082019 0.996573 0.010735 94.135948 -0.035982 -0.013725 0.999258 0.002869 0.000000 0.000000 0.000000 1.000000
0.995761 0.076787 0.050630 0.057359 -0.077136 0.997008 0.004964 94.115562 -0.050097 -0.008849 0.998705 -0.053022 0.000000 0.000000 0.000000 1.000000
0.995131 0.071436 0.067913 0.136092 -0.071675 0.997427 0.001093 94.065369 -0.067660 -0.005955 0.997691 -0.173205 0.000000 0.000000 0.000000 1.000000
0.993997 0.065509 0.087630 0.235853 -0.065826 0.997831 0.000725 93.975952 -0.087393 -0.006489 0.996153 -0.344609 0.000000 0.000000 0.000000 1.000000
0.992352 0.058934 0.108466 0.344711 -0.059668 0.998212 0.003532 93.849983 -0.108063 -0.009977 0.994094 -0.550771 0.000000 0.000000 0.000000 1.000000
0.990327 0.052232 0.128547 0.446710 -0.053772 0.998517 0.008536 93.669235 -0.127910 -0.015366 0.991667 -0.804578 0.000000 0.000000 0.000000 1.000000
0.988176 0.046125 0.146220 0.532295 -0.049006 0.998668 0.016159 93.353416 -0.145280 -0.023133 0.989120 -1.157612 0.000000 0.000000 0.000000 1.000000
0.985710 0.041242 0.163325 0.603260 -0.046330 0.998548 0.027467 92.752335 -0.161955 -0.034641 0.986190 -1.640295 0.000000 0.000000 0.000000 1.000000
0.981959 0.040213 0.184767 0.684628 -0.049000 0.997863 0.043236 91.752480 -0.182633 -0.051509 0.981831 -2.188995 0.000000 0.000000 0.000000 1.000000
0.976302 0.048343 0.210944 0.829394 -0.063467 0.995831 0.065524 90.439095 -0.206897 -0.077359 0.975299 -2.698402 0.000000 0.000000 0.000000 1.000000
0.970411 0.064532 0.232676 1.091063 -0.088085 0.991828 0.092295 89.121178 -0.224819 -0.110059 0.968165 -3.130892 0.000000 0.000000 0.000000 1.000000
0.968640 0.073897 0.237227 1.504810 -0.102722 0.988438 0.111528 88.227013 -0.226242 -0.132399 0.965031 -3.433828 0.000000 0.000000 0.000000 1.000000
0.973506 0.060244 0.220583 2.096950 -0.087304 0.989516 0.115052 88.131927 -0.211340 -0.131262 0.968559 -3.446460 0.000000 0.000000 0.000000 1.000000
0.981418 0.025302 0.190206 2.884364 -0.046445 0.993116 0.107536 88.964203 -0.186176 -0.114372 0.975837 -3.105993 0.000000 0.000000 0.000000 1.000000
0.988044 -0.015192 0.153420 3.838568 0.001028 0.995760 0.091980 90.553253 -0.154167 -0.090722 0.983871 -2.570957 0.000000 0.000000 0.000000 1.000000
0.992548 -0.050894 0.110721 4.888408 0.043999 0.996989 0.063849 92.453201 -0.113637 -0.058502 0.991798 -2.075358 0.000000 0.000000 0.000000 1.000000
0.995291 -0.079927 0.054838 5.952674 0.078727 0.996614 0.023704 94.038223 -0.056547 -0.019275 0.998214 -1.845636 0.000000 0.000000 0.000000 1.000000
0.994265 -0.104798 -0.021311 6.953629 0.104463 0.994396 -0.016270 94.788391 0.022897 0.013950 0.999641 -1.953319 0.000000 0.000000 0.000000 1.000000
0.985832 -0.128260 -0.108095 7.805959 0.124500 0.991378 -0.040870 94.411217 0.112405 0.026833 0.993300 -2.188360 0.000000 0.000000 0.000000 1.000000
0.972017 -0.147947 -0.182470 8.477687 0.141407 0.988767 -0.048418 92.961220 0.187584 0.021261 0.982018 -2.351393 0.000000 0.000000 0.000000 1.000000
0.959467 -0.165796 -0.227890 9.086344 0.158880 0.986106 -0.048499 90.823387 0.232765 0.010326 0.972478 -2.568395 0.000000 0.000000 0.000000 1.000000
0.952199 -0.187772 -0.240955 9.747408 0.183517 0.982195 -0.040188 88.558891 0.244211 -0.005952 0.969704 -3.070648 0.000000 0.000000 0.000000 1.000000
0.952168 -0.205211 -0.226418 10.374107 0.206900 0.978223 -0.016510 86.813057 0.224875 -0.031126 0.973890 -3.652085 0.000000 0.000000 0.000000 1.000000
0.959412 -0.202225 -0.196555 10.675259 0.208525 0.977947 0.011683 86.183723 0.189858 -0.052195 0.980423 -3.745827 0.000000 0.000000 0.000000 1.000000
0.970006 -0.180363 -0.162967 10.506401 0.187290 0.981904 0.028063 86.876480 0.154956 -0.057744 0.986232 -3.166614 0.000000 0.000000 0.000000 1.000000
0.980540 -0.154852 -0.120670 10.090213 0.159719 0.986653 0.031708 88.577103 0.114150 -0.050365 0.992186 -2.315273 0.000000 0.000000 0.000000 1.000000
0.989063 -0.134612 -0.060287 9.706520 0.136341 0.990333 0.025522 90.720345 0.056269 -0.033462 0.997855 -1.647207 0.000000 0.000000 0.000000 1.000000
0.992979 -0.118079 0.007089 9.491539 0.118004 0.992961 0.010122 92.615364 -0.008235 -0.009214 0.999924 -1.375261 0.000000 0.000000 0.000000 1.000000
0.993136 -0.097214 0.065043 9.363315 0.097564 0.995227 -0.002208 93.674728 -0.064518 0.008539 0.997880 -1.440145 0.000000 0.000000 0.000000 1.000000
0.990728 -0.072068 0.115171 9.217872 0.072538 0.997366 0.000110 93.626694 -0.114875 0.008245 0.993346 -1.581753 0.000000 0.000000 0.000000 1.000000
0.985328 -0.050997 0.162875 9.004331 0.050477 0.998698 0.007337 92.544754 -0.163037 0.000992 0.986619 -1.582420 0.000000 0.000000 0.000000 1.000000
0.980026 -0.033099 0.196097 8.696063 0.031757 0.999446 0.009986 90.775627 -0.196319 -0.003559 0.980534 -1.570303 0.000000 0.000000 0.000000 1.000000
0.979915 -0.014474 0.198889 8.297658 0.010597 0.999733 0.020546 88.901726 -0.199133 -0.018026 0.979807 -1.853643 0.000000 0.000000 0.000000 1.000000
0.984752 -0.004608 0.173902 7.895553 -0.003268 0.998983 0.044980 87.704483 -0.173932 -0.044863 0.983735 -2.194870 0.000000 0.000000 0.000000 1.000000
0.990669 -0.010858 0.135853 7.587827 0.002156 0.997945 0.064039 88.050804 -0.136269 -0.063148 0.988657 -1.909453 0.000000 0.000000 0.000000 1.000000
0.994991 -0.025714 0.096602 7.374430 0.019904 0.997961 0.060636 89.720581 -0.097964 -0.058409 0.993474 -0.932421 0.000000 0.000000 0.000000 1.000000
0.997132 -0.040924 0.063661 7.157027 0.038647 0.998582 0.036600 91.783211 -0.065069 -0.034035 0.997300 0.039697 0.000000 0.000000 0.000000 1.000000
0.997861 -0.051763 0.039918 6.826291 0.051556 0.998651 0.006207 93.649574 -0.040186 -0.004135 0.999184 0.471415 0.000000 0.000000 0.000000 1.000000
0.998409 -0.052399 0.020814 6.354258 0.052602 0.998572 -0.009359 94.829254 -0.020294 0.010439 0.999740 0.402806 0.000000 0.000000 0.000000 1.000000
0.999019 -0.044238 0.002130 5.780726 0.044245 0.999016 -0.003065 94.916924 -0.001993 0.003156 0.999993 0.187194 0.000000 0.000000 0.000000 1.000000
0.999230 -0.036539 -0.014274 5.175389 0.036628 0.999310 0.006077 93.846840 0.014042 -0.006595 0.999880 0.114543 0.000000 0.000000 0.000000 1.000000
0.998966 -0.035809 -0.028005 4.623346 0.035991 0.999334 0.006012 92.011871 0.027771 -0.007014 0.999590 0.087836 0.000000 0.000000 0.000000 1.000000
0.998283 -0.037674 -0.044844 4.177173 0.038237 0.999200 0.011746 90.078178 0.044366 -0.013440 0.998925 -0.169806 0.000000 0.000000 0.000000 1.000000
0.997350 -0.031454 -0.065601 3.741289 0.033653 0.998899 0.032692 88.787384 0.064500 -0.034813 0.997310 -0.440664 0.000000 0.000000 0.000000 1.000000
0.997092 -0.015403 -0.074639 3.180719 0.019451 0.998361 0.053824 88.870903 0.073687 -0.055120 0.995757 -0.090276 0.000000 0.000000 0.000000 1.000000
0.998389 0.003245 -0.056642 2.544436 0.000165 0.998192 0.060107 90.224625 0.056735 -0.060019 0.996584 0.950561 0.000000 0.000000 0.000000 1.000000
0.999599 0.023037 -0.016494 1.906919 -0.022220 0.998596 0.048093 92.119301 0.017579 -0.047707 0.998707 2.058533 0.000000 0.000000 0.000000 1.000000
0.998554 0.044146 0.030675 1.330881 -0.044826 0.998755 0.021872 93.897720 -0.029671 -0.023216 0.999290 2.659721 0.000000 0.000000 0.000000 1.000000
0.994919 0.064242 0.077516 0.817646 -0.064426 0.997923 -0.000128 95.011253 -0.077363 -0.004867 0.996991 2.653094 0.000000 0.000000 0.000000 1.000000
0.989136 0.079832 0.123440 0.373929 -0.080750 0.996731 0.002445 95.034821 -0.122841 -0.012386 0.992349 2.369511 0.000000 0.000000 0.000000 1.000000
0.982624 0.089889 0.162391 0.015277 -0.094056 0.995402 0.018145 93.947327 -0.160013 -0.033103 0.986560 2.180000 0.000000 0.000000 0.000000 1.000000
0.977671 0.100997 0.184282 -0.304740 -0.107031 0.993988 0.023068 92.190910 -0.180844 -0.042277 0.982603 2.035390 0.000000 0.000000 0.000000 1.000000
0.975207 0.115949 0.188484 -0.620799 -0.123167 0.992019 0.027003 90.433357 -0.183849 -0.049549 0.981705 1.633563 0.000000 0.000000 0.000000 1.000000
0.976034 0.123974 0.178850 -0.839243 -0.134560 0.989729 0.048277 89.319305 -0.171028 -0.071186 0.982691 1.160917 0.000000 0.000000 0.000000 1.000000
0.981870 0.116546 0.149491 -0.866331 -0.128043 0.989316 0.069709 89.445404 -0.139769 -0.087587 0.986303 1.210091 0.000000 0.000000 0.000000 1.000000
0.990171 0.098785 0.099011 -0.752660 -0.105619 0.992192 0.066330 90.766602 -0.091685 -0.076135 0.992873 1.835670 0.000000 0.000000 0.000000 1.000000
0.995960 0.078459 0.043679 -0.621867 -0.080128 0.996066 0.037854 92.572090 -0.040537 -0.041201 0.998328 2.468294 0.000000 0.000000 0.000000 1.000000
0.998198 0.059989 -0.001508 -0.507503 -0.059990 0.998199 -0.000506 94.151306 0.001475 0.000596 0.999999 2.608145 0.000000 0.000000 0.000000 1.000000
0.998231 0.048644 -0.034198 -0.371947 -0.049487 0.998480 -0.024264 95.029083 0.032966 0.025914 0.999120 2.268334 0.000000 0.000000 0.000000 1.000000
0.997491 0.047159 -0.052806 -0.242868 -0.048019 0.998732 -0.015131 94.865768 0.052026 0.017628 0.998490 1.897044 0.000000 0.000000 0.000000 1.000000
0.997257 0.048485 -0.055919 -0.185115 -0.047958 0.998792 0.010725 93.744675 0.056371 -0.008013 0.998378 1.877860 0.000000 0.000000 0.000000 1.000000
0.997364 0.046880 -0.055376 -0.186238 -0.045466 0.998614 0.026527 92.163002 0.056543 -0.023940 0.998113 1.973438 0.000000 0.000000 0.000000 1.000000
0.996840 0.048025 -0.063271 -0.134816 -0.045814 0.998303 0.035949 90.802612 0.064890 -0.032937 0.997349 1.697952 0.000000 0.000000 0.000000 1.000000
0.995810 0.053865 -0.073898 -0.052347 -0.050009 0.997337 0.053077 90.238922 0.076560 -0.049159 0.995852 1.332415 0.000000 0.000000 0.000000 1.000000
0.994835 0.058491 -0.082962 -0.066243 -0.053075 0.996404 0.066049 90.908272 0.086527 -0.061305 0.994362 1.437977 0.000000 0.000000 0.000000 1.000000
0.993297 0.059628 -0.099025 -0.152949 -0.054416 0.997028 0.054529 92.335541 0.101983 -0.048774 0.993590 1.963320 0.000000 0.000000 0.000000 1.000000
0.990992 0.058296 -0.120567 -0.151296 -0.056049 0.998187 0.021952 93.817314 0.121628 -0.014997 0.992462 2.384816 0.000000 0.000000 0.000000 1.000000
0.988790 0.056379 -0.138257 -0.023549 -0.058343 0.998245 -0.010186 94.924088 0.137440 0.018138 0.990344 2.382526 0.000000 0.000000 0.000000 1.000000
0.985716 0.058307 -0.157999 0.140081 -0.063048 0.997693 -0.025156 95.311279 0.156168 0.034758 0.987119 2.059608 0.000000 0.000000 0.000000 1.000000
0.979874 0.066301 -0.188286 0.277463 -0.071135 0.997285 -0.019025 94.946220 0.186514 0.032036 0.981930 1.675747 0.000000 0.000000 0.000000 1.000000
0.972121 0.076333 -0.221708 0.397079 -0.078207 0.996937 0.000329 94.134697 0.221054 0.017019 0.975113 1.309718 0.000000 0.000000 0.000000 1.000000
0.964885 0.083743 -0.248965 0.527651 -0.081955 0.996481 0.017556 93.318985 0.249559 0.003464 0.968353 0.885956 0.000000 0.000000 0.000000 1.000000
0.958854 0.088443 -0.269772 0.650687 -0.085523 0.996080 0.022583 92.840302 0.270712 0.001418 0.962659 0.497233 0.000000 0.000000 0.000000 1.000000
0.953711 0.091274 -0.286540 0.713220 -0.089749 0.995793 0.018481 92.880638 0.287021 0.008091 0.957890 0.339519 0.000000 0.000000 0.000000 1.000000
0.948919 0.090126 -0.302375 0.684245 -0.090784 0.995799 0.011908 93.381981 0.302178 0.016151 0.953115 0.423569 0.000000 0.000000 0.000000 1.000000
0.943875 0.083662 -0.319531 0.585109 -0.087790 0.996138 0.001490 94.092903 0.318421 0.026645 0.947575 0.616024 0.000000 0.000000 0.000000 1.000000
0.939134 0.074529 -0.335371 0.489283 -0.084347 0.996327 -0.014782 94.756096 0.333037 0.042170 0.941970 0.770221 0.000000 0.000000 0.000000 1.000000
0.935161 0.067099 -0.347810 0.465607 -0.081907 0.996246 -0.028031 95.157722 0.344624 0.054701 0.937146 0.800224 0.000000 0.000000 0.000000 1.000000
0.930502 0.064649 -0.360535 0.523717 -0.079771 0.996442 -0.027204 95.169327 0.357494 0.054073 0.932349 0.722320 0.000000 0.000000 0.000000 1.000000
0.924635 0.068070 -0.374722 0.615272 -0.078433 0.996842 -0.012453 94.811493 0.372691 0.040905 0.927053 0.596943 0.000000 0.000000 0.000000 1.000000
0.920886 0.075517 -0.382448 0.694357 -0.078315 0.996894 0.008269 94.238510 0.381885 0.022337 0.923940 0.442459 0.000000 0.000000 0.000000 1.000000
0.922626 0.084065 -0.376422 0.756023 -0.079148 0.996454 0.028538 93.669426 0.377487 0.003463 0.926009 0.294021 0.000000 0.000000 0.000000 1.000000
0.928833 0.091058 -0.359134 0.788209 -0.080585 0.995774 0.044059 93.367188 0.361628 -0.011983 0.932245 0.257545 0.000000 0.000000 0.000000 1.000000
0.937415 0.092721 -0.335644 0.756918 -0.080945 0.995516 0.048942 93.512581 0.338677 -0.018711 0.940717 0.391498 0.000000 0.000000 0.000000 1.000000
0.949211 0.086655 -0.302473 0.679797 -0.078622 0.996155 0.038657 94.040718 0.304660 -0.012913 0.952374 0.643129 0.000000 0.000000 0.000000 1.000000
0.964739 0.076025 -0.251991 0.648610 -0.074533 0.997098 0.015476 94.717979 0.252436 0.003851 0.967606 0.903337 0.000000 0.000000 0.000000 1.000000
0.980142 0.066745 -0.186727 0.749339 -0.070168 0.997466 -0.011772 95.253281 0.185468 0.024640 0.982341 1.074685 0.000000 0.000000 0.000000 1.000000
0.990914 0.062633 -0.119027 0.970765 -0.066674 0.997316 -0.030267 95.412224 0.116811 0.037928 0.992430 1.108310 0.000000 0.000000 0.000000 1.000000
0.996408 0.063990 -0.055470 1.208039 -0.065716 0.997391 -0.029875 95.160179 0.053414 0.033413 0.998013 0.999289 0.000000 0.000000 0.000000 1.000000
0.997685 0.067563 0.007765 1.389920 -0.067462 0.997643 -0.012571 94.611137 -0.008596 0.012018 0.999891 0.719285 0.000000 0.000000 0.000000 1.000000
0.994952 0.069249 0.072624 1.540534 -0.070278 0.997459 0.011703 93.871010 -0.071629 -0.016747 0.997291 0.288977 0.000000 0.000000 0.000000 1.000000
0.988797 0.068369 0.132689 1.662181 -0.073842 0.996592 0.036774 93.174820 -0.129722 -0.046160 0.990475 -0.097524 0.000000 0.000000 0.000000 1.000000
0.981209 0.066126 0.181264 1.721503 -0.077363 0.995450 0.055631 92.875229 -0.176761 -0.068609 0.981860 -0.271775 0.000000 0.000000 0.000000 1.000000
0.974127 0.063754 0.216822 1.773303 -0.077602 0.995413 0.055958 93.095680 -0.212260 -0.071336 0.974606 -0.248831 0.000000 0.000000 0.000000 1.000000
0.968915 0.062576 0.239348 1.909845 -0.073100 0.996698 0.035339 93.727440 -0.236346 -0.051737 0.970291 -0.136236 0.000000 0.000000 0.000000 1.000000
0.966516 0.061776 0.249059 2.106561 -0.065436 0.997836 0.006436 94.535141 -0.248123 -0.022518 0.968467 -0.049827 0.000000 0.000000 0.000000 1.000000
0.966658 0.060220 0.248889 2.268937 -0.057372 0.998178 -0.018687 95.178284 -0.249561 0.003785 0.968352 -0.118282 0.000000 0.000000 0.000000 1.000000
0.967997 0.059339 0.243846 2.363474 -0.052198 0.998000 -0.035651 95.344818 -0.245474 0.021782 0.969158 -0.384243 0.000000 0.000000 0.000000 1.000000
0.968896 0.057896 0.240602 2.420782 -0.049575 0.997949 -0.040502 94.964226 -0.242453 0.027314 0.969779 -0.763035 0.000000 0.000000 0.000000 1.000000
0.968245 0.051527 0.244635 2.465996 -0.045350 0.998496 -0.030820 94.253754 -0.245855 0.018747 0.969125 -1.230631 0.000000 0.000000 0.000000 1.000000
0.966863 0.043269 0.251604 2.461012 -0.041118 0.999059 -0.013803 93.406837 -0.251964 0.003000 0.967732 -1.833771 0.000000 0.000000 0.000000 1.000000
0.966893 0.043119 0.251515 2.327799 -0.044826 0.998994 0.001059 92.541862 -0.251216 -0.012299 0.967853 -2.425359 0.000000 0.000000 0.000000 1.000000
0.968408 0.052493 0.243785 2.068062 -0.057156 0.998292 0.012089 91.942474 -0.242734 -0.025641 0.969754 -2.813288 0.000000 0.000000 0.000000 1.000000
0.970689 0.063446 0.231813 1.773669 -0.069074 0.997480 0.016231 91.747093 -0.230199 -0.031767 0.972625 -2.971874 0.000000 0.000000 0.000000 1.000000
0.975802 0.070084 0.207122 1.509101 -0.073071 0.997304 0.006793 91.931458 -0.206088 -0.021763 0.978292 -2.934341 0.000000 0.000000 0.000000 1.000000
0.984513 0.070803 0.160378 1.260575 -0.069652 0.997489 -0.012796 92.444023 -0.160881 0.001428 0.986973 -2.729543 0.000000 0.000000 0.000000 1.000000
0.992885 0.067040 0.098414 0.972283 -0.064287 0.997454 -0.030880 93.080437 -0.100234 0.024333 0.994666 -2.453745 0.000000 0.000000 0.000000 1.000000
0.997452 0.062497 0.034398 0.613939 -0.061044 0.997260 -0.041778 93.544113 -0.036914 0.039572 0.998535 -2.255214 0.000000 0.000000 0.000000 1.000000
0.997945 0.058304 -0.026577 0.236865 -0.059497 0.997143 -0.046548 93.654922 0.023787 0.048034 0.998562 -2.220736 0.000000 0.000000 0.000000 1.000000
0.994834 0.053949 -0.085989 -0.092007 -0.057984 0.997297 -0.045132 93.375168 0.083322 0.049885 0.995273 -2.347942 0.000000 0.000000 0.000000 1.000000
0.987984 0.051696 -0.145654 -0.371164 -0.057416 0.997725 -0.035340 92.734367 0.143496 0.043278 0.988704 -2.575403 0.000000 0.000000 0.000000 1.000000
0.977380 0.054482 -0.204354 -0.633340 -0.059549 0.998050 -0.018728 91.887810 0.202935 0.030473 0.978718 -2.797992 0.000000 0.000000 0.000000 1.000000
0.963995 0.060306 -0.258992 -0.890583 -0.063686 0.997959 -0.004671 91.202827 0.258181 0.020997 0.965868 -2.908068 0.000000 0.000000 0.000000 1.000000
0.949425 0.063004 -0.307607 -1.145205 -0.067209 0.997734 -0.003084 91.028816 0.306716 0.023602 0.951509 -2.831748 0.000000 0.000000 0.000000 1.000000
0.935132 0.059604 -0.349249 -1.424986 -0.068977 0.997514 -0.014451 91.427208 0.347519 0.037603 0.936919 -2.550386 0.000000 0.000000 0.000000 1.000000
0.921381 0.052366 -0.385117 -1.755173 -0.070632 0.996942 -0.033428 92.174164 0.382189 0.058002 0.922262 -2.124589 0.000000 0.000000 0.000000 1.000000
0.906709 0.043923 -0.419463 -2.102769 -0.073744 0.995752 -0.055138 92.915359 0.415259 0.080927 0.906096 -1.695919 0.000000 0.000000 0.000000 1.000000
0.889726 0.036000 -0.455073 -2.393495 -0.077466 0.994334 -0.072796 93.365593 0.449873 0.100021 0.887474 -1.435114 0.000000 0.000000 0.000000 1.000000
0.870473 0.031656 -0.491198 -2.572680 -0.080379 0.993676 -0.078405 93.397438 0.485609 0.107732 0.867512 -1.440384 0.000000 0.000000 0.000000 1.000000
0.849972 0.034192 -0.525718 -2.636042 -0.082412 0.994236 -0.068578 92.988976 0.520342 0.101614 0.847890 -1.685836 0.000000 0.000000 0.000000 1.000000
0.831169 0.044777 -0.554214 -2.627037 -0.084662 0.995322 -0.046554 92.149612 0.549537 0.085615 0.831071 -2.049625 0.000000 0.000000 0.000000 1.000000
0.818504 0.061635 -0.571185 -2.592443 -0.089557 0.995763 -0.020884 90.972374 0.567478 0.068247 0.820555 -2.383079 0.000000 0.000000 0.000000 1.000000
0.812824 0.079542 -0.577052 -2.536461 -0.098424 0.995144 -0.001465 89.789871 0.574133 0.057986 0.816706 -2.592849 0.000000 0.000000 0.000000 1.000000
0.811539 0.091250 -0.577129 -2.475689 -0.106631 0.994272 0.007263 89.078629 0.574486 0.055646 0.816621 -2.633835 0.000000 0.000000 0.000000 1.000000
0.815241 0.093401 -0.571541 -2.520396 -0.107976 0.994118 0.008441 89.147202 0.568967 0.054831 0.820530 -2.436233 0.000000 0.000000 0.000000 1.000000
0.826323 0.090042 -0.555953 -2.757198 -0.104249 0.994532 0.006128 90.004555 0.553465 0.052894 0.831191 -1.968795 0.000000 0.000000 0.000000 1.000000
0.843737 0.085399 -0.529920 -3.068140 -0.101389 0.994846 -0.001107 91.354568 0.527094 0.054662 0.848047 -1.341336 0.000000 0.000000 0.000000 1.000000
0.864739 0.078663 -0.496022 -3.235429 -0.099874 0.994866 -0.016341 92.675034 0.492190 0.063671 0.868156 -0.809841 0.000000 0.000000 0.000000 1.000000
0.886831 0.069983 -0.456764 -3.164501 -0.096942 0.994645 -0.035825 93.446640 0.451811 0.076050 0.888866 -0.611141 0.000000 0.000000 0.000000 1.000000
0.907507 0.064542 -0.415049 -2.906377 -0.092499 0.994575 -0.047587 93.358582 0.409726 0.081577 0.908554 -0.745119 0.000000 0.000000 0.000000 1.000000
0.925658 0.066924 -0.372396 -2.536537 -0.087938 0.995334 -0.039711 92.413063 0.368001 0.069507 0.927224 -1.056085 0.000000 0.000000 0.000000 1.000000
0.940871 0.074858 -0.330392 -2.088073 -0.084460 0.996317 -0.014781 90.875465 0.328069 0.041812 0.943728 -1.498858 0.000000 0.000000 0.000000 1.000000
0.952088 0.080909 -0.294927 -1.606187 -0.082228 0.996582 0.007949 89.160156 0.294562 0.016684 0.955487 -2.049056 0.000000 0.000000 0.000000 1.000000
0.959073 0.079543 -0.271757 -1.212164 -0.078433 0.996807 0.014963 87.945114 0.272079 0.006964 0.962250 -2.436955 0.000000 0.000000 0.000000 1.000000
0.963326 0.072506 -0.258354 -1.007847 -0.071925 0.997341 0.011712 87.872520 0.258516 0.007300 0.965979 -2.381918 0.000000 0.000000 0.000000 1.000000
0.967311 0.067982 -0.244310 -1.001743 -0.068307 0.997639 0.007150 89.019905 0.244219 0.009772 0.969671 -1.892633 0.000000 0.000000 0.000000 1.000000
0.973270 0.067788 -0.219434 -1.107236 -0.070138 0.997533 -0.002927 90.999222 0.218694 0.018239 0.975623 -1.201985 0.000000 0.000000 0.000000 1.000000
0.981485 0.064315 -0.180420 -1.160880 -0.070569 0.997101 -0.028458 93.124939 0.178067 0.040663 0.983178 -0.612374 0.000000 0.000000 0.000000 1.000000
0.989491 0.057228 -0.132787 -1.044170 -0.065810 0.995956 -0.061163 94.706161 0.128750 0.069259 0.989256 -0.404932 0.000000 0.000000 0.000000 1.000000
0.994779 0.054806 -0.086088 -0.784128 -0.061165 0.995451 -0.073052 95.346519 0.081693 0.077936 0.993606 -0.569801 0.000000 0.000000 0.000000 1.000000
0.997526 0.055918 -0.042613 -0.491747 -0.058217 0.996802 -0.054748 94.826164 0.039415 0.057094 0.997590 -0.774472 0.000000 0.000000 0.000000 1.000000
0.998529 0.054214 -0.000529 -0.216348 -0.054205 0.998078 -0.030026 93.329262 -0.001100 0.030010 0.999549 -0.764323 0.000000 0.000000 0.000000 1.000000
0.998042 0.051574 0.035376 0.062139 -0.051078 0.998585 -0.014787 91.496498 -0.036089 0.012951 0.999265 -0.761800 0.000000 0.000000 0.000000 1.000000
0.996798 0.049758 0.062596 0.351966 -0.050158 0.998730 0.004843 90.030502 -0.062275 -0.007967 0.998027 -1.051223 0.000000 0.000000 0.000000 1.000000
0.995334 0.043893 0.085932 0.666137 -0.047111 0.998248 0.035786 89.556244 -0.084210 -0.039668 0.995658 -1.255735 0.000000 0.000000 0.000000 1.000000
0.993782 0.035118 0.105664 1.015710 -0.041135 0.997622 0.055310 90.419601 -0.103470 -0.059313 0.992863 -0.853848 0.000000 0.000000 0.000000 1.000000
0.992153 0.029775 0.121436 1.383337 -0.035037 0.998527 0.041429 92.113091 -0.120023 -0.045359 0.991734 -0.021118 0.000000 0.000000 0.000000 1.000000
0.989654 0.026794 0.140952 1.741984 -0.027381 0.999623 0.002228 93.900124 -0.140840 -0.006065 0.990014 0.624377 0.000000 0.000000 0.000000 1.000000
0.985559 0.021452 0.167966 2.097888 -0.016116 0.999323 -0.033063 95.239746 -0.168562 0.029878 0.985238 0.769603 0.000000 0.000000 0.000000 1.000000
0.981038 0.014027 0.193309 2.483919 -0.005508 0.998993 -0.044535 95.725601 -0.193739 0.042626 0.980127 0.552428 0.000000 0.000000 0.000000 1.000000
0.977852 0.007004 0.209179 2.921123 0.000814 0.999305 -0.037270 95.251297 -0.209295 0.036615 0.977167 0.271524 0.000000 0.000000 0.000000 1.000000
0.975121 -0.002434 0.221660 3.431031 0.007584 0.999721 -0.022386 94.155304 -0.221543 0.023510 0.974867 0.068818 0.000000 0.000000 0.000000 1.000000
0.970006 -0.019643 0.242286 4.005383 0.020712 0.999784 -0.001866 93.018501 -0.242197 0.006828 0.970203 -0.149377 0.000000 0.000000 0.000000 1.000000
0.961474 -0.039764 0.272005 4.570289 0.036174 0.999180 0.018200 92.225105 -0.272506 -0.007659 0.962124 -0.458786 0.000000 0.000000 0.000000 1.000000
0.952639 -0.055039 0.299080 5.037249 0.047889 0.998366 0.031189 91.840439 -0.300308 -0.015390 0.953718 -0.705880 0.000000 0.000000 0.000000 1.000000
0.946738 -0.069964 0.314313 5.384417 0.058988 0.997275 0.044310 91.854004 -0.316556 -0.023409 0.948285 -0.758156 0.000000 0.000000 0.000000 1.000000
0.942382 -0.086651 0.323122 5.653196 0.071568 0.995731 0.058296 92.189796 -0.326794 -0.031812 0.944560 -0.652051 0.000000 0.000000 0.000000 1.000000
0.937872 -0.091082 0.334815 5.871933 0.075963 0.995422 0.058009 92.739777 -0.338566 -0.028972 0.940497 -0.453909 0.000000 0.000000 0.000000 1.000000
0.935031 -0.075566 0.346419 5.985072 0.064953 0.996997 0.042163 93.348259 -0.348565 -0.016923 0.937132 -0.201471 0.000000 0.000000 0.000000 1.000000
0.936082 -0.052785 0.347798 5.974488 0.046402 0.998567 0.026663 93.924072 -0.348707 -0.008820 0.937190 0.069490 0.000000 0.000000 0.000000 1.000000
0.940646 -0.032483 0.337831 5.632067 0.028750 0.999458 0.016049 94.342499 -0.338169 -0.005384 0.941070 0.302290 0.000000 0.000000 0.000000 1.000000
0.946130 -0.018681 0.323247 4.996925 0.016588 0.999820 0.009229 94.525864 -0.323361 -0.003370 0.946270 0.392661 0.000000 0.000000 0.000000 1.000000
0.950596 -0.013262 0.310146 4.123615 0.010011 0.999877 0.012071 94.504227 -0.310268 -0.008369 0.950612 0.434754 0.000000 0.000000 0.000000 1.000000
0.954642 -0.016957 0.297273 3.125081 0.009882 0.999631 0.025289 94.330414 -0.297592 -0.021205 0.954458 0.547587 0.000000 0.000000 0.000000 1.000000
0.959960 -0.024091 0.279100 2.128911 0.013769 0.999149 0.038886 94.018806 -0.279799 -0.033486 0.959474 0.727324 0.000000 0.000000 0.000000 1.000000
0.966495 -0.021109 0.255816 1.193819 0.008864 0.998763 0.048924 93.491753 -0.256532 -0.045017 0.965487 0.900701 0.000000 0.000000 0.000000 1.000000
0.971998 0.003493 0.234963 0.311270 -0.017730 0.998129 0.058510 93.019806 -0.234319 -0.061037 0.970242 1.009294 0.000000 0.000000 0.000000 1.000000
0.974173 0.042839 0.221703 -0.518417 -0.058294 0.996269 0.063638 92.559708 -0.218149 -0.074919 0.973036 0.992485 0.000000 0.000000 0.000000 1.000000
0.974940 0.076116 0.209044 -1.267911 -0.090138 0.994217 0.058376 92.217720 -0.203392 -0.075755 0.976162 0.871666 0.000000 0.000000 0.000000 1.000000
0.978080 0.090512 0.187530 -1.924599 -0.101032 0.993758 0.047300 92.092735 -0.182078 -0.065210 0.981119 0.767297 0.000000 0.000000 0.000000 1.000000
0.982812 0.088261 0.162143 -2.449886 -0.095711 0.994656 0.038711 92.213425 -0.157860 -0.053564 0.986008 0.760019 0.000000 0.000000 0.000000 1.000000
0.986358 0.079674 0.144048 -2.757903 -0.084857 0.995936 0.030190 92.368294 -0.141057 -0.042001 0.989110 0.853704 0.000000 0.000000 0.000000 1.000000
0.987988 0.076243 0.134415 -2.887138 -0.079249 0.996707 0.017152 92.520088 -0.132665 -0.027599 0.990777 0.874967 0.000000 0.000000 0.000000 1.000000
0.988866 0.079161 0.126010 -2.988804 -0.080825 0.996695 0.008142 92.662880 -0.124949 -0.018236 0.991996 0.690882 0.000000 0.000000 0.000000 1.000000
0.989824 0.081911 0.116354 -3.005469 -0.082671 0.996575 0.001707 92.793144 -0.115816 -0.011309 0.993206 0.552343 0.000000 0.000000 0.000000 1.000000
0.990822 0.083736 0.106111 -2.919622 -0.083925 0.996468 -0.002696 92.911484 -0.105962 -0.006234 0.994351 0.488610 0.000000 0.000000 0.000000 1.000000
0.991745 0.085404 0.095647 -2.725291 -0.085242 0.996344 -0.005782 93.020767 -0.095791 -0.002419 0.995399 0.455363 0.000000 0.000000 0.000000 1.000000
0.992515 0.087370 0.085327 -2.444719 -0.087002 0.996176 -0.008021 93.120552 -0.085701 0.000537 0.996321 0.423952 0.000000 0.000000 0.000000 1.000000
0.993138 0.089273 0.075541 -2.108436 -0.088808 0.996003 -0.009497 93.213280 -0.076087 0.002724 0.997097 0.396415 0.000000 0.000000 0.000000 1.000000
0.993640 0.090737 0.066679 -1.747624 -0.090248 0.995866 -0.010303 93.302582 -0.067338 0.004220 0.997721 0.374540 0.000000 0.000000 0.000000 1.000000
0.994046 0.091482 0.059187 -1.394521 -0.091025 0.995795 -0.010375 93.389793 -0.059888 0.004926 0.998193 0.356377 0.000000 0.000000 0.000000 1.000000
0.994305 0.092018 0.053755 -1.099710 -0.091709 0.995752 -0.008192 93.476135 -0.054280 0.003215 0.998521 0.291904 0.000000 0.000000 0.000000 1.000000
0.994497 0.092336 0.049485 -0.860012 -0.092218 0.995728 -0.004676 93.561996 -0.049705 0.000087 0.998764 0.204263 0.000000 0.000000 0.000000 1.000000
0.994735 0.092008 0.045127 -0.602069 -0.092037 0.995755 -0.001431 93.644501 -0.045067 -0.002730 0.998980 0.142976 0.000000 0.000000 0.000000 1.000000
0.995023 0.090980 0.040655 -0.379464 -0.091138 0.995836 0.002045 93.723015 -0.040299 -0.005740 0.999171 0.097772 0.000000 0.000000 0.000000 1.000000
0.995279 0.089791 0.036844 -0.248373 -0.090046 0.995923 0.005313 93.797127 -0.036217 -0.008606 0.999307 0.062612 0.000000 0.000000 0.000000 1.000000
0.995448 0.088941 0.034251 -0.159687 -0.089251 0.995980 0.007630 93.866013 -0.033434 -0.010652 0.999384 0.038863 0.000000 0.000000 0.000000 1.000000
0.995581 0.088193 0.032266 -0.094640 -0.088542 0.996027 0.009546 93.928970 -0.031296 -0.012361 0.999434 0.023708 0.000000 0.000000 0.000000 1.000000
0.995692 0.087492 0.030704 -0.048786 -0.087870 0.996069 0.011205 93.985443 -0.029603 -0.013855 0.999466 0.014893 0.000000 0.000000 0.000000 1.000000
0.995784 0.086852 0.029516 -0.018578 -0.087254 0.996106 0.012608 94.034729 -0.028306 -0.015130 0.999485 0.010481 0.000000 0.000000 0.000000 1.000000
0.995858 0.086292 0.028653 -0.000473 -0.086712 0.996138 0.013755 94.076340 -0.027355 -0.016182 0.999495 0.008550 0.000000 0.000000 0.000000 1.000000
0.995904 0.085917 0.028169 0.007636 -0.086349 0.996160 0.014478 94.103256 -0.026817 -0.016851 0.999498 0.007517 0.000000 0.000000 0.000000 1.000000
0.995923 0.085755 0.027986 0.010154 -0.086192 0.996169 0.014778 94.114510 -0.026612 -0.017130 0.999499 0.006838 0.000000 0.000000 0.000000 1.000000
0.995937 0.085637 0.027865 0.011688 -0.086077 0.996176 0.014991 94.122612 -0.026475 -0.017329 0.999499 0.006103 0.000000 0.000000 0.000000 1.000000
0.995951 0.085507 0.027749 0.013258 -0.085951 0.996183 0.015217 94.131424 -0.026342 -0.017541 0.999499 0.005085 0.000000 0.000000 0.000000 1.000000
0.995959 0.085441 0.027655 0.014629 -0.085889 0.996185 0.015422 94.139488 -0.026231 -0.017735 0.999499 0.004067 0.000000 0.000000 0.000000 1.000000
0.995960 0.085437 0.027655 0.015710 -0.085889 0.996183 0.015581 94.145798 -0.026218 -0.017893 0.999496 0.003279 0.000000 0.000000 0.000000 1.000000</float_array>
        <technique_common>
          <accessor source="#mixamorig_Hips-Matrix-animation-output-transform-array" count="198" stride="16">
            <param type="float4x4"/>
          </accessor>
        </technique_common>
      </source>
      <source id="mixamorig_Hips-Interpolations">
        <Name_array id="mixamorig_Hips-Interpolations-array" count="198">
 LINEAR LINEAR LINEAR LINEAR LINEAR LINEAR LINEAR LINEAR LINEAR LINEAR LINEAR
LINEAR LINEAR LINEAR LINEAR LINEAR LINEAR LINEAR LINEAR LINEAR LINEAR LINEAR LINEAR
LINEAR LINEAR LINEAR LINEAR LINEAR LINEAR LINEAR LINEAR LINEAR LINEAR LINEAR LINEAR
LINEAR LINEAR LINEAR LINEAR LINEAR LINEAR LINEAR LINEAR LINEAR LINEAR LINEAR LINEAR
LINEAR LINEAR LINEAR LINEAR LINEAR LINEAR LINEAR LINEAR LINEAR LINEAR LINEAR LINEAR
LINEAR LINEAR LINEAR LINEAR LINEAR LINEAR LINEAR LINEAR LINEAR LINEAR LINEAR LINEAR
LINEAR LINEAR LINEAR LINEAR LINEAR LINEAR LINEAR LINEAR LINEAR LINEAR LINEAR LINEAR
LINEAR LINEAR LINEAR LINEAR LINEAR LINEAR LINEAR LINEAR LINEAR LINEAR LINEAR LINEAR
LINEAR LINEAR LINEAR LINEAR LINEAR LINEAR LINEAR LINEAR LINEAR LINEAR LINEAR LINEAR
LINEAR LINEAR LINEAR LINEAR LINEAR LINEAR LINEAR LINEAR LINEAR LINEAR LINEAR LINEAR
LINEAR LINEAR LINEAR LINEAR LINEAR LINEAR LINEAR LINEAR LINEAR LINEAR LINEAR LINEAR
LINEAR LINEAR LINEAR LINEAR LINEAR LINEAR LINEAR LINEAR LINEAR LINEAR LINEAR LINEAR
LINEAR LINEAR LINEAR LINEAR LINEAR LINEAR LINEAR LINEAR LINEAR LINEAR LINEAR LINEAR
LINEAR LINEAR LINEAR LINEAR LINEAR LINEAR LINEAR LINEAR LINEAR LINEAR LINEAR LINEAR
LINEAR LINEAR LINEAR LINEAR LINEAR LINEAR LINEAR LINEAR LINEAR LINEAR LINEAR LINEAR
LINEAR LINEAR LINEAR LINEAR LINEAR LINEAR LINEAR LINEAR LINEAR LINEAR LINEAR LINEAR
LINEAR LINEAR LINEAR LINEAR LINEAR LINEAR LINEAR</Name_array>
        <technique_common>
          <accessor source="#mixamorig_Hips-Interpolations-array" count="198">
            <param type="name"/>
          </accessor>
        </technique_common>
      </source>
      <sampler id="mixamorig_Hips-Matrix-animation-transform">
        <input semantic="INPUT" source="#mixamorig_Hips-Matrix-animation-input"/>
        <input semantic="OUTPUT" source="#mixamorig_Hips-Matrix-animation-output-transform"/>
        <input semantic="INTERPOLATION" source="#mixamorig_Hips-Interpolations"/>
      </sampler>
      <channel source="#mixamorig_Hips-Matrix-animation-transform" target="mixamorig_Hips/matrix"/>
    </animation>
    <animation id="mixamorig_Spine-anim" name="mixamorig_Spine">
      <source id="mixamorig_Spine-Matrix-animation-input">
        <float_array id="mixamorig_Spine-Matrix-animation-input-array" count="198">

0.000000 0.033333 0.066667 0.100000 0.133333 0.166667 0.200000 0.233333 0.266667 0.300000 0.333333 0.366667 0.400000 0.433333 0.466667 0.500000
0.533333 0.566667 0.600000 0.633333 0.666667 0.700000 0.733333 0.766667 0.800000 0.833333 0.866667 0.900000 0.933333 0.966667 1.000000 1.033333
1.066667 1.100000 1.133333 1.166667 1.200000 1.233333 1.266667 1.300000 1.333333 1.366667 1.400000 1.433333 1.466667 1.500000 1.533333 1.566667
1.600000 1.633333 1.666667 1.700000 1.733333 1.766667 1.800000 1.833333 1.866667 1.900000 1.933333 1.966667 2.000000 2.033333 2.066667 2.100000
2.133333 2.166667 2.200000 2.233333 2.266667 2.300000 2.333333 2.366667 2.400000 2.433333 2.466667 2.500000 2.533333 2.566667 2.600000 2.633333
2.666667 2.700000 2.733333 2.766667 2.800000 2.833333 2.866667 2.900000 2.933333 2.966667 3.000000 3.033333 3.066667 3.100000 3.133333 3.166667
3.200000 3.233333 3.266667 3.300000 3.333333 3.366667 3.400000 3.433333 3.466667 3.500000 3.533333 3.566667 3.600000 3.633333 3.666667 3.700000
3.733333 3.766667 3.800000 3.833333 3.866667 3.900000 3.933333 3.966667 4.000000 4.033333 4.066667 4.100000 4.133333 4.166667 4.200000 4.233333
4.266667 4.300000 4.333333 4.366667 4.400000 4.433333 4.466667 4.500000 4.533333 4.566667 4.600000 4.633333 4.666667 4.700000 4.733333 4.766667
4.800000 4.833333 4.866667 4.900000 4.933333 4.966667 5.000000 5.033333 5.066667 5.100000 5.133333 5.166667 5.200000 5.233333 5.266667 5.300000
5.333333 5.366667 5.400000 5.433333 5.466667 5.500000 5.533333 5.566667 5.600000 5.633333 5.666667 5.700000 5.733333 5.766667 5.800000 5.833333
5.866667 5.900000 5.933333 5.966667 6.000000 6.033333 6.066667 6.100000 6.133333 6.166667 6.200000 6.233333 6.266667 6.300000 6.333333 6.366667
6.400000 6.433333 6.466667 6.500000 6.533333 6.566667</float_array>
        <technique_common>
          <accessor source="#mixamorig_Spine-Matrix-animation-input-array" count="198">
            <param name="TIME" type="float"/>
          </accessor>
        </technique_common>
      </source>
      <source id="mixamorig_Spine-Matrix-animation-output-transform">
        <float_array id="mixamorig_Spine-Matrix-animation-output-transform-array" count="3168">

0.998781 -0.044397 -0.021577 0.000000 0.044139 0.998950 -0.012304 9.226300 0.022100 0.011336 0.999691 1.577100 0.000000 0.000000 0.000000 1.000000
0.998763 -0.044758 -0.021678 0.000000 0.044632 0.998984 -0.006300 9.226300 0.021938 0.005325 0.999745 1.577100 0.000000 0.000000 0.000000 1.000000
0.998839 -0.043484 -0.020714 0.000000 0.043422 0.999051 -0.003413 9.226300 0.020843 0.002510 0.999780 1.577100 0.000000 0.000000 0.000000 1.000000
0.999008 -0.040515 -0.018463 0.000000 0.040390 0.999158 -0.007143 9.226300 0.018737 0.006390 0.999804 1.577100 0.000000 0.000000 0.000000 1.000000
0.999259 -0.035712 -0.014365 0.000000 0.035449 0.999206 -0.018185 9.226300 0.015003 0.017663 0.999731 1.577100 0.000000 0.000000 0.000000 1.000000
0.999541 -0.029264 -0.007888 0.000000 0.028977 0.998989 -0.034359 9.226300 0.008886 0.034115 0.999378 1.577100 0.000000 0.000000 0.000000 1.000000
0.999749 -0.022351 0.001282 0.000000 0.022387 0.998277 -0.054240 9.226300 -0.000067 0.054255 0.998527 1.577100 0.000000 0.000000 0.000000 1.000000
0.999781 -0.016588 0.012728 -0.000000 0.017557 0.996616 -0.080300 9.226300 -0.011353 0.080506 0.996689 1.577100 0.000000 0.000000 0.000000 1.000000
0.999624 -0.013115 0.024070 0.000000 0.015804 0.993223 -0.115148 9.226300 -0.022397 0.115485 0.993057 1.577100 0.000000 0.000000 0.000000 1.000000
0.999346 -0.016125 0.032358 0.000000 0.021008 0.987415 -0.156749 9.226300 -0.029423 0.157327 0.987108 1.577100 0.000000 0.000000 0.000000 1.000000
0.998613 -0.035300 0.039071 0.000000 0.042497 0.978428 -0.202170 9.226300 -0.031091 0.203550 0.978571 1.577100 0.000000 0.000000 0.000000 1.000000
0.996177 -0.072236 0.049121 0.000000 0.082180 0.965631 -0.246582 9.226300 -0.029621 0.249676 0.967876 1.577100 0.000000 0.000000 0.000000 1.000000
0.992539 -0.106085 0.060110 0.000000 0.118621 0.954193 -0.274672 9.226300 -0.028218 0.279753 0.959657 1.577100 0.000000 0.000000 0.000000 1.000000
0.991601 -0.112680 0.063492 -0.000000 0.125889 0.953462 -0.273976 9.226300 -0.029665 0.279668 0.959638 1.577100 0.000000 0.000000 0.000000 1.000000
0.993427 -0.095209 0.063542 -0.000000 0.108200 0.962215 -0.249872 9.226300 -0.037351 0.255105 0.966192 1.577100 0.000000 0.000000 0.000000 1.000000
0.994696 -0.075166 0.070208 0.000000 0.088492 0.973325 -0.211679 9.226300 -0.052424 0.216769 0.974814 1.577100 0.000000 0.000000 0.000000 1.000000
0.994435 -0.064180 0.083549 0.000000 0.077181 0.983591 -0.163070 9.226300 -0.071712 0.168611 0.983071 1.577100 0.000000 0.000000 0.000000 1.000000
0.992783 -0.061786 0.102785 0.000000 0.073443 0.990787 -0.113788 9.226300 -0.094807 0.120516 0.988174 1.577100 0.000000 0.000000 0.000000 1.000000
0.989244 -0.063216 0.131911 -0.000000 0.074284 0.993963 -0.080740 9.226300 -0.126011 0.089671 0.987968 1.577100 0.000000 0.000000 0.000000 1.000000
